1, 2702, 2, 1
2, 2697, 2, 1
3, 2704, 2, 1
4, 2733, 2, 1
5, 2692, 2, 1
6, 2703, 2, 1
7, 2705, 2, 1
8, 2688, 2, 1
9, 2747, 2, 1
10, 2735, 2, 1
11, 2692, 2, 1
12, 2701, 2, 1
13, 2708, 2, 1
14, 2737, 2, 1
15, 2670, 2, 1
16, 2672, 2, 1
17, 2694, 2, 1
18, 2691, 2, 1
19, 2728, 2, 1
20, 2729, 2, 1
21, 2713, 2, 1
22, 2713, 2, 1
23, 2727, 2, 1
24, 2730, 2, 1
25, 2689, 2, 1
26, 2728, 2, 1
27, 2720, 2, 1
28, 2698, 2, 1
29, 2725, 2, 1
30, 2731, 2, 1
31, 2692, 2, 1
32, 2737, 2, 1
33, 2706, 2, 1
34, 2732, 2, 1
35, 2697, 2, 1
36, 2705, 2, 1
37, 2736, 2, 1
38, 2687, 2, 1
39, 2689, 2, 1
40, 2694, 2, 1
41, 2710, 2, 1
42, 2695, 2, 1
43, 2716, 2, 1
44, 2716, 2, 1
45, 2689, 2, 1
46, 2706, 2, 1
47, 2712, 2, 1
48, 2730, 2, 1
49, 2740, 2, 1
50, 2576, 2, 1
51, 2656, 2, 1
52, 2736, 2, 1
53, 2691, 2, 1
54, 2727, 2, 1
55, 2705, 2, 1
56, 2739, 2, 1
57, 2701, 2, 1
58, 2715, 2, 1
59, 2683, 2, 1
60, 2692, 2, 1
61, 2690, 2, 1
62, 2734, 2, 1
63, 2697, 2, 1
64, 2718, 2, 1
65, 2696, 2, 1
66, 2715, 2, 1
67, 2710, 2, 1
68, 2691, 2, 1
69, 2687, 2, 1
70, 2706, 2, 1
71, 2685, 2, 1
72, 2695, 2, 1
73, 2686, 2, 1
74, 2690, 2, 1
75, 2705, 2, 1
76, 2728, 2, 1
77, 2685, 2, 1
78, 2712, 2, 1
79, 2700, 2, 1
80, 2749, 2, 1
81, 2692, 2, 1
82, 2737, 2, 1
83, 2706, 2, 1
84, 2724, 2, 1
85, 2716, 2, 1
86, 2691, 2, 1
87, 2723, 2, 1
88, 2729, 2, 1
89, 2698, 2, 1
90, 2689, 2, 1
91, 2697, 2, 1
92, 2694, 2, 1
93, 2749, 2, 1
94, 2717, 2, 1
95, 2712, 2, 1
96, 2738, 2, 1
97, 2731, 2, 1
98, 2692, 2, 1
99, 2691, 2, 1
100, 2696, 2, 1
101, 2697, 2, 1
102, 2723, 2, 1
103, 2705, 2, 1
104, 2735, 2, 1
105, 2697, 2, 1
106, 2688, 2, 1
107, 2783, 2, 1
108, 2696, 2, 1
109, 2705, 2, 1
110, 2707, 2, 1
111, 2726, 2, 1
112, 2695, 2, 1
113, 2731, 2, 1
114, 2722, 2, 1
115, 2697, 2, 1
116, 2689, 2, 1
117, 2738, 2, 1
118, 2692, 2, 1
119, 2720, 2, 1
120, 2695, 2, 1
121, 2738, 2, 1
122, 2750, 2, 1
123, 2722, 2, 1
124, 2710, 2, 1
125, 2690, 2, 1
126, 2688, 2, 1
127, 2727, 2, 1
128, 2705, 2, 1
129, 2685, 2, 1
130, 2739, 2, 1
131, 2682, 2, 1
132, 2730, 2, 1
133, 2693, 2, 1
134, 2707, 2, 1
135, 2694, 2, 1
136, 2691, 2, 1
137, 2717, 2, 1
138, 2727, 2, 1
139, 2717, 2, 1
140, 2694, 2, 1
141, 2735, 2, 1
142, 2692, 2, 1
143, 2737, 2, 1
144, 2733, 2, 1
145, 2694, 2, 1
146, 2730, 2, 1
147, 2726, 2, 1
148, 2687, 2, 1
149, 2708, 2, 1
150, 2732, 2, 1
151, 2680, 2, 0
152, 2698, 2, 0
153, 2628, 2, 0
154, 2660, 2, 0
155, 2652, 2, 0
156, 2658, 2, 0
157, 2642, 2, 0
158, 2605, 2, 0
159, 2596, 2, 0
160, 2624, 2, 0
161, 2605, 2, 0
162, 2636, 2, 0
163, 2576, 2, 0
164, 2552, 2, 0
165, 2603, 2, 0
166, 2574, 2, 0
167, 2572, 2, 0
168, 2578, 2, 0
169, 2546, 2, 0
170, 2588, 2, 0
171, 2540, 2, 0
172, 2557, 2, 0
173, 2597, 2, 0
174, 2572, 2, 0
175, 2595, 2, 0
176, 2628, 2, 0
177, 2618, 2, 0
178, 2611, 2, 0
179, 2625, 2, 0
180, 2627, 2, 0
181, 2633, 2, 0
182, 2663, 2, 0
183, 2653, 2, 0
184, 2615, 2, 0
185, 2618, 2, 0
186, 2628, 2, 0
187, 2632, 2, 0
188, 2631, 2, 0
189, 2651, 2, 0
190, 2613, 2, 0
191, 2594, 2, 0
192, 2581, 2, 0
193, 2586, 2, 0
194, 2627, 2, 0
195, 2580, 2, 0
196, 2585, 2, 0
197, 2561, 2, 0
198, 2544, 2, 0
199, 2553, 2, 0
200, 2523, 2, 0
201, 2500, 2, 0
202, 2547, 2, 0
203, 2510, 2, 0
204, 2516, 2, 0
205, 2482, 2, 0
206, 2489, 2, 0
207, 2508, 2, 0
208, 2457, 2, 0
209, 2488, 2, 0
210, 2454, 2, 0
211, 2460, 2, 0
212, 2457, 2, 0
213, 2488, 2, 0
214, 2473, 2, 0
215, 2487, 2, 0
216, 2493, 2, 0
217, 2458, 2, 0
218, 2440, 2, 0
219, 2437, 2, 0
220, 2488, 2, 0
221, 2473, 2, 0
222, 2457, 2, 0
223, 2483, 2, 0
224, 2478, 2, 0
225, 2482, 2, 0
226, 2488, 2, 0
227, 2430, 2, 0
228, 2479, 2, 0
229, 2454, 2, 0
230, 2439, 2, 0
231, 2483, 2, 0
232, 2423, 2, 0
233, 2429, 2, 0
234, 2450, 2, 0
235, 2425, 2, 0
236, 2408, 2, 0
237, 2427, 2, 0
238, 2371, 2, 0
239, 2395, 2, 0
240, 2379, 2, 0
241, 2390, 2, 0
242, 2401, 2, 0
243, 2382, 2, 0
244, 2346, 2, 0
245, 2314, 2, 0
246, 2393, 2, 0
247, 2344, 2, 0
248, 2363, 2, 0
249, 2319, 2, 0
250, 2375, 2, 0
251, 2357, 2, 0
252, 2340, 2, 0
253, 2370, 2, 0
254, 2433, 2, 0
255, 2357, 2, 0
256, 2376, 2, 0
257, 2341, 2, 0
258, 2335, 2, 0
259, 2348, 2, 0
260, 2251, 2, 0
261, 2346, 2, 0
262, 2354, 2, 0
263, 2375, 2, 0
264, 2322, 2, 0
265, 2352, 2, 0
266, 2365, 2, 0
267, 2312, 2, 0
268, 2340, 2, 0
269, 2324, 2, 0
270, 2322, 2, 0
271, 2325, 2, 0
272, 2321, 2, 0
273, 2319, 2, 0
274, 2328, 2, 0
275, 2329, 2, 0
276, 2288, 2, 0
277, 2320, 2, 0
278, 2300, 2, 0
279, 2311, 2, 0
280, 2274, 2, 0
281, 2240, 2, 0
282, 2272, 2, 0
283, 2283, 2, 0
284, 2304, 2, 0
285, 2246, 2, 0
286, 2281, 2, 0
287, 2258, 2, 0
288, 2306, 2, 0
289, 2288, 2, 0
290, 2282, 2, 0
291, 2267, 2, 0
292, 2258, 2, 0
293, 2270, 2, 0
294, 2256, 2, 0
295, 2262, 2, 0
296, 2283, 2, 0
297, 2253, 2, 0
298, 2279, 2, 0
299, 2090, 2, 0
300, 2259, 2, 0
301, 2295, 2, 1
302, 2343, 2, 1
303, 2364, 2, 1
304, 2336, 2, 1
305, 2288, 2, 1
306, 2297, 2, 1
307, 2338, 2, 1
308, 2374, 2, 1
309, 2331, 2, 1
310, 2355, 2, 1
311, 2330, 2, 1
312, 2354, 2, 1
313, 2335, 2, 1
314, 2367, 2, 1
315, 2339, 2, 1
316, 2294, 2, 1
317, 2306, 2, 1
318, 2326, 2, 1
319, 2332, 2, 1
320, 2347, 2, 1
321, 2298, 2, 1
322, 2289, 2, 1
323, 2273, 2, 1
324, 2247, 2, 1
325, 2285, 2, 1
326, 2285, 2, 1
327, 2247, 2, 1
328, 2216, 2, 1
329, 2242, 2, 1
330, 2275, 2, 1
331, 2253, 2, 1
332, 2278, 2, 1
333, 2240, 2, 1
334, 2250, 2, 1
335, 2260, 2, 1
336, 2296, 2, 1
337, 2290, 2, 1
338, 2281, 2, 1
339, 2283, 2, 1
340, 2272, 2, 1
341, 2266, 2, 1
342, 2277, 2, 1
343, 2301, 2, 1
344, 2305, 2, 1
345, 2328, 2, 1
346, 2318, 2, 1
347, 2308, 2, 1
348, 2334, 2, 1
349, 2339, 2, 1
350, 2329, 2, 1
351, 2329, 2, 1
352, 2313, 2, 1
353, 2358, 2, 1
354, 2375, 2, 1
355, 2343, 2, 1
356, 2372, 2, 1
357, 2330, 2, 1
358, 2364, 2, 1
359, 2313, 2, 1
360, 2327, 2, 1
361, 2350, 2, 1
362, 2344, 2, 1
363, 2324, 2, 1
364, 2325, 2, 1
365, 2335, 2, 1
366, 2316, 2, 1
367, 2327, 2, 1
368, 2337, 2, 1
369, 2313, 2, 1
370, 2316, 2, 1
371, 2304, 2, 1
372, 2281, 2, 1
373, 2312, 2, 1
374, 2318, 2, 1
375, 2322, 2, 1
376, 2273, 2, 1
377, 2276, 2, 1
378, 2287, 2, 1
379, 2320, 2, 1
380, 2317, 2, 1
381, 2314, 2, 1
382, 2327, 2, 1
383, 2336, 2, 1
384, 2352, 2, 1
385, 2341, 2, 1
386, 2445, 2, 1
387, 2312, 2, 1
388, 2324, 2, 1
389, 2357, 2, 1
390, 2367, 2, 1
391, 2369, 2, 1
392, 2372, 2, 1
393, 2372, 2, 1
394, 2357, 2, 1
395, 2269, 2, 1
396, 2398, 2, 1
397, 2353, 2, 1
398, 2330, 2, 1
399, 2329, 2, 1
400, 2320, 2, 1
401, 2348, 2, 1
402, 2327, 2, 1
403, 2359, 2, 1
404, 2345, 2, 1
405, 2360, 2, 1
406, 2302, 2, 1
407, 2309, 2, 1
408, 2323, 2, 1
409, 2341, 2, 1
410, 2316, 2, 1
411, 2309, 2, 1
412, 2346, 2, 1
413, 2358, 2, 1
414, 2292, 2, 1
415, 2310, 2, 1
416, 2346, 2, 1
417, 2314, 2, 1
418, 2319, 2, 1
419, 2334, 2, 1
420, 2318, 2, 1
421, 2331, 2, 1
422, 2368, 2, 1
423, 2364, 2, 1
424, 2338, 2, 1
425, 2360, 2, 1
426, 2352, 2, 1
427, 2385, 2, 1
428, 2390, 2, 1
429, 2367, 2, 1
430, 2375, 2, 1
431, 2381, 2, 1
432, 2401, 2, 1
433, 2412, 2, 1
434, 2378, 2, 1
435, 2397, 2, 1
436, 2358, 2, 1
437, 2394, 2, 1
438, 2360, 2, 1
439, 2393, 2, 1
440, 2395, 2, 1
441, 2376, 2, 1
442, 2349, 2, 1
443, 2379, 2, 1
444, 2331, 2, 1
445, 2403, 2, 1
446, 2372, 2, 1
447, 2348, 2, 1
448, 2356, 2, 1
449, 2351, 2, 1
450, 2342, 2, 1
451, 2341, 2, 0
452, 2318, 2, 0
453, 2275, 2, 0
454, 2292, 2, 0
455, 2275, 2, 0
456, 2327, 2, 0
457, 2383, 2, 0
458, 2259, 2, 0
459, 2238, 2, 0
460, 2295, 2, 0
461, 2287, 2, 0
462, 2265, 2, 0
463, 2240, 2, 0
464, 2275, 2, 0
465, 2269, 2, 0
466, 2261, 2, 0
467, 2247, 2, 0
468, 2297, 2, 0
469, 2319, 2, 0
470, 2297, 2, 0
471, 2324, 2, 0
472, 2327, 2, 0
473, 2360, 2, 0
474, 2360, 2, 0
475, 2377, 2, 0
476, 2357, 2, 0
477, 2347, 2, 0
478, 2371, 2, 0
479, 2369, 2, 0
480, 2345, 2, 0
481, 2375, 2, 0
482, 2342, 2, 0
483, 2360, 2, 0
484, 2338, 2, 0
485, 2337, 2, 0
486, 2315, 2, 0
487, 2407, 2, 0
488, 2319, 2, 0
489, 2318, 2, 0
490, 2250, 2, 0
491, 2277, 2, 0
492, 2284, 2, 0
493, 2325, 2, 0
494, 2295, 2, 0
495, 2293, 2, 0
496, 2285, 2, 0
497, 2090, 2, 0
498, 2320, 2, 0
499, 2279, 2, 0
500, 2278, 2, 0
501, 2236, 2, 0
502, 2236, 2, 0
503, 2252, 2, 0
504, 2308, 2, 0
505, 2226, 2, 0
506, 2259, 2, 0
507, 2265, 2, 0
508, 2283, 2, 0
509, 2256, 2, 0
510, 2237, 2, 0
511, 2254, 2, 0
512, 2192, 2, 0
513, 2265, 2, 0
514, 2250, 2, 0
515, 2293, 2, 0
516, 2288, 2, 0
517, 2277, 2, 0
518, 2295, 2, 0
519, 2314, 2, 0
520, 2307, 2, 0
521, 2283, 2, 0
522, 2299, 2, 0
523, 2189, 2, 0
524, 2319, 2, 0
525, 2256, 2, 0
526, 2255, 2, 0
527, 2296, 2, 0
528, 2289, 2, 0
529, 2247, 2, 0
530, 2236, 2, 0
531, 2238, 2, 0
532, 2255, 2, 0
533, 2257, 2, 0
534, 2204, 2, 0
535, 2265, 2, 0
536, 2222, 2, 0
537, 2224, 2, 0
538, 2245, 2, 0
539, 2218, 2, 0
540, 2190, 2, 0
541, 2221, 2, 0
542, 2249, 2, 0
543, 2203, 2, 0
544, 2190, 2, 0
545, 2232, 2, 0
546, 2353, 2, 0
547, 2217, 2, 0
548, 2235, 2, 0
549, 2243, 2, 0
550, 2242, 2, 0
551, 2217, 2, 0
552, 2226, 2, 0
553, 2230, 2, 0
554, 2206, 2, 0
555, 2268, 2, 0
556, 2277, 2, 0
557, 2238, 2, 0
558, 2226, 2, 0
559, 2219, 2, 0
560, 2228, 2, 0
561, 2221, 2, 0
562, 2207, 2, 0
563, 2279, 2, 0
564, 2244, 2, 0
565, 2234, 2, 0
566, 2206, 2, 0
567, 2097, 2, 0
568, 2229, 2, 0
569, 2197, 2, 0
570, 2203, 2, 0
571, 2188, 2, 0
572, 2185, 2, 0
573, 2174, 2, 0
574, 2195, 2, 0
575, 2182, 2, 0
576, 2214, 2, 0
577, 2210, 2, 0
578, 2174, 2, 0
579, 2182, 2, 0
580, 2210, 2, 0
581, 2170, 2, 0
582, 2218, 2, 0
583, 2229, 2, 0
584, 2212, 2, 0
585, 2187, 2, 0
586, 2204, 2, 0
587, 2211, 2, 0
588, 2192, 2, 0
589, 2191, 2, 0
590, 2209, 2, 0
591, 2193, 2, 0
592, 2234, 2, 0
593, 2212, 2, 0
594, 2212, 2, 0
595, 2207, 2, 0
596, 2280, 2, 0
597, 2196, 2, 0
598, 2194, 2, 0
599, 2207, 2, 0
600, 2232, 2, 0
601, 2248, 2, 1
602, 2252, 2, 1
603, 2254, 2, 1
604, 2266, 2, 1
605, 2243, 2, 1
606, 2244, 2, 1
607, 2273, 2, 1
608, 2277, 2, 1
609, 2258, 2, 1
610, 2235, 2, 1
611, 2270, 2, 1
612, 2286, 2, 1
613, 2282, 2, 1
614, 2299, 2, 1
615, 2263, 2, 1
616, 2232, 2, 1
617, 2269, 2, 1
618, 2246, 2, 1
619, 2262, 2, 1
620, 2266, 2, 1
621, 2263, 2, 1
622, 2222, 2, 1
623, 2221, 2, 1
624, 2223, 2, 1
625, 2247, 2, 1
626, 2250, 2, 1
627, 2191, 2, 1
628, 2207, 2, 1
629, 2190, 2, 1
630, 2222, 2, 1
631, 2231, 2, 1
632, 2221, 2, 1
633, 2218, 2, 1
634, 2198, 2, 1
635, 2205, 2, 1
636, 2242, 2, 1
637, 2248, 2, 1
638, 2236, 2, 1
639, 2259, 2, 1
640, 2235, 2, 1
641, 2215, 2, 1
642, 2254, 2, 1
643, 2253, 2, 1
644, 2270, 2, 1
645, 2283, 2, 1
646, 2234, 2, 1
647, 2245, 2, 1
648, 2285, 2, 1
649, 2303, 2, 1
650, 2267, 2, 1
651, 2266, 2, 1
652, 2267, 2, 1
653, 2305, 2, 1
654, 2299, 2, 1
655, 2316, 2, 1
656, 2282, 2, 1
657, 2284, 2, 1
658, 2279, 2, 1
659, 2289, 2, 1
660, 2265, 2, 1
661, 2307, 2, 1
662, 2310, 2, 1
663, 2269, 2, 1
664, 2283, 2, 1
665, 2296, 2, 1
666, 2300, 2, 1
667, 2268, 2, 1
668, 2295, 2, 1
669, 2210, 2, 1
670, 2276, 2, 1
671, 2271, 2, 1
672, 2266, 2, 1
673, 2303, 2, 1
674, 2255, 2, 1
675, 2308, 2, 1
676, 2290, 2, 1
677, 2309, 2, 1
678, 2273, 2, 1
679, 2292, 2, 1
680, 2296, 2, 1
681, 2274, 2, 1
682, 2291, 2, 1
683, 2269, 2, 1
684, 2265, 2, 1
685, 2292, 2, 1
686, 2325, 2, 1
687, 2316, 2, 1
688, 2293, 2, 1
689, 2296, 2, 1
690, 2288, 2, 1
691, 2295, 2, 1
692, 2339, 2, 1
693, 2328, 2, 1
694, 2322, 2, 1
695, 2300, 2, 1
696, 2293, 2, 1
697, 2329, 2, 1
698, 2308, 2, 1
699, 2306, 2, 1
700, 2290, 2, 1
701, 2308, 2, 1
702, 2295, 2, 1
703, 2294, 2, 1
704, 2323, 2, 1
705, 2314, 2, 1
706, 2284, 2, 1
707, 2306, 2, 1
708, 2321, 2, 1
709, 2282, 2, 1
710, 2311, 2, 1
711, 2304, 2, 1
712, 2303, 2, 1
713, 2327, 2, 1
714, 2287, 2, 1
715, 2331, 2, 1
716, 2332, 2, 1
717, 2325, 2, 1
718, 2343, 2, 1
719, 2307, 2, 1
720, 2306, 2, 1
721, 2347, 2, 1
722, 2352, 2, 1
723, 2355, 2, 1
724, 2364, 2, 1
725, 2353, 2, 1
726, 2358, 2, 1
727, 2360, 2, 1
728, 2350, 2, 1
729, 2349, 2, 1
730, 2361, 2, 1
731, 2353, 2, 1
732, 2369, 2, 1
733, 2317, 2, 1
734, 2336, 2, 1
735, 2327, 2, 1
736, 2364, 2, 1
737, 2336, 2, 1
738, 2361, 2, 1
739, 2352, 2, 1
740, 2350, 2, 1
741, 2350, 2, 1
742, 2336, 2, 1
743, 2313, 2, 1
744, 2306, 2, 1
745, 2322, 2, 1
746, 2315, 2, 1
747, 2327, 2, 1
748, 2331, 2, 1
749, 2346, 2, 1
750, 2318, 2, 1
751, 2333, 2, 0
752, 2294, 2, 0
753, 2277, 2, 0
754, 2295, 2, 0
755, 2354, 2, 0
756, 2321, 2, 0
757, 2280, 2, 0
758, 2260, 2, 0
759, 2228, 2, 0
760, 2254, 2, 0
761, 2299, 2, 0
762, 2267, 2, 0
763, 2231, 2, 0
764, 2249, 2, 0
765, 2270, 2, 0
766, 2286, 2, 0
767, 2266, 2, 0
768, 2269, 2, 0
769, 2266, 2, 0
770, 2221, 2, 0
771, 2274, 2, 0
772, 2294, 2, 0
773, 2300, 2, 0
774, 2305, 2, 0
775, 2325, 2, 0
776, 2326, 2, 0
777, 2342, 2, 0
778, 2319, 2, 0
779, 2351, 2, 0
780, 2335, 2, 0
781, 2304, 2, 0
782, 2341, 2, 0
783, 2352, 2, 0
784, 2342, 2, 0
785, 2338, 2, 0
786, 2334, 2, 0
787, 2295, 2, 0
788, 2339, 2, 0
789, 2293, 2, 0
790, 2296, 2, 0
791, 2282, 2, 0
792, 2275, 2, 0
793, 2273, 2, 0
794, 2284, 2, 0
795, 2287, 2, 0
796, 2263, 2, 0
797, 2264, 2, 0
798, 2265, 2, 0
799, 2256, 2, 0
800, 2277, 2, 0
801, 2246, 2, 0
802, 2251, 2, 0
803, 2228, 2, 0
804, 2304, 2, 0
805, 2272, 2, 0
806, 2268, 2, 0
807, 2251, 2, 0
808, 2249, 2, 0
809, 2228, 2, 0
810, 2255, 2, 0
811, 2265, 2, 0
812, 2264, 2, 0
813, 2254, 2, 0
814, 2238, 2, 0
815, 2275, 2, 0
816, 2198, 2, 0
817, 2260, 2, 0
818, 2238, 2, 0
819, 2247, 2, 0
820, 2229, 2, 0
821, 2242, 2, 0
822, 2232, 2, 0
823, 2246, 2, 0
824, 2237, 2, 0
825, 2277, 2, 0
826, 2284, 2, 0
827, 2229, 2, 0
828, 2242, 2, 0
829, 2268, 2, 0
830, 2257, 2, 0
831, 2230, 2, 0
832, 2215, 2, 0
833, 2221, 2, 0
834, 2253, 2, 0
835, 2262, 2, 0
836, 2212, 2, 0
837, 2223, 2, 0
838, 2237, 2, 0
839, 2187, 2, 0
840, 2233, 2, 0
841, 2237, 2, 0
842, 2230, 2, 0
843, 2233, 2, 0
844, 2226, 2, 0
845, 2212, 2, 0
846, 2183, 2, 0
847, 2173, 2, 0
848, 2221, 2, 0
849, 2220, 2, 0
850, 2219, 2, 0
851, 2228, 2, 0
852, 2237, 2, 0
853, 2238, 2, 0
854, 2219, 2, 0
855, 2221, 2, 0
856, 2228, 2, 0
857, 2194, 2, 0
858, 2237, 2, 0
859, 2214, 2, 0
860, 2198, 2, 0
861, 2210, 2, 0
862, 2204, 2, 0
863, 2206, 2, 0
864, 2230, 2, 0
865, 2233, 2, 0
866, 2234, 2, 0
867, 2222, 2, 0
868, 2238, 2, 0
869, 2236, 2, 0
870, 2236, 2, 0
871, 2236, 2, 0
872, 2225, 2, 0
873, 2202, 2, 0
874, 2217, 2, 0
875, 2221, 2, 0
876, 2170, 2, 0
877, 2199, 2, 0
878, 2184, 2, 0
879, 2182, 2, 0
880, 2190, 2, 0
881, 2213, 2, 0
882, 2206, 2, 0
883, 2171, 2, 0
884, 2229, 2, 0
885, 2250, 2, 0
886, 2189, 2, 0
887, 2199, 2, 0
888, 2180, 2, 0
889, 2199, 2, 0
890, 2156, 2, 0
891, 2163, 2, 0
892, 2155, 2, 0
893, 2202, 2, 0
894, 2191, 2, 0
895, 2193, 2, 0
896, 2189, 2, 0
897, 2198, 2, 0
898, 2183, 2, 0
899, 2172, 2, 0
900, 2188, 2, 0
901, 2184, 2, 1
902, 2238, 2, 1
903, 2243, 2, 1
904, 2233, 2, 1
905, 2210, 2, 1
906, 2253, 2, 1
907, 2265, 2, 1
908, 2266, 2, 1
909, 2202, 2, 1
910, 2271, 2, 1
911, 2262, 2, 1
912, 2264, 2, 1
913, 2272, 2, 1
914, 2260, 2, 1
915, 2277, 2, 1
916, 2245, 2, 1
917, 2216, 2, 1
918, 2229, 2, 1
919, 2292, 2, 1
920, 2280, 2, 1
921, 2215, 2, 1
922, 2195, 2, 1
923, 2180, 2, 1
924, 2225, 2, 1
925, 2214, 2, 1
926, 2202, 2, 1
927, 2213, 2, 1
928, 2202, 2, 1
929, 2174, 2, 1
930, 2231, 2, 1
931, 2128, 2, 1
932, 2282, 2, 1
933, 2182, 2, 1
934, 2202, 2, 1
935, 2195, 2, 1
936, 2224, 2, 1
937, 2201, 2, 1
938, 2229, 2, 1
939, 2205, 2, 1
940, 2211, 2, 1
941, 2239, 2, 1
942, 2240, 2, 1
943, 2260, 2, 1
944, 2230, 2, 1
945, 2268, 2, 1
946, 2266, 2, 1
947, 2256, 2, 1
948, 2276, 2, 1
949, 2294, 2, 1
950, 2311, 2, 1
951, 2306, 2, 1
952, 2300, 2, 1
953, 2325, 2, 1
954, 2282, 2, 1
955, 2307, 2, 1
956, 2296, 2, 1
957, 2309, 2, 1
958, 2314, 2, 1
959, 2302, 2, 1
960, 2266, 2, 1
961, 2301, 2, 1
962, 2291, 2, 1
963, 2276, 2, 1
964, 2301, 2, 1
965, 2274, 2, 1
966, 2281, 2, 1
967, 2330, 2, 1
968, 2237, 2, 1
969, 2234, 2, 1
970, 2258, 2, 1
971, 2235, 2, 1
972, 2259, 2, 1
973, 2234, 2, 1
974, 2280, 2, 1
975, 2278, 2, 1
976, 2245, 2, 1
977, 2255, 2, 1
978, 2252, 2, 1
979, 2245, 2, 1
980, 2270, 2, 1
981, 2262, 2, 1
982, 2271, 2, 1
983, 2315, 2, 1
984, 2318, 2, 1
985, 2327, 2, 1
986, 2340, 2, 1
987, 2290, 2, 1
988, 2314, 2, 1
989, 2293, 2, 1
990, 2298, 2, 1
991, 2341, 2, 1
992, 2349, 2, 1
993, 2307, 2, 1
994, 2374, 2, 1
995, 2273, 2, 1
996, 2302, 2, 1
997, 2309, 2, 1
998, 2313, 2, 1
999, 2303, 2, 1
1000, 2318, 2, 1
1001, 2296, 2, 1
1002, 2328, 2, 1
1003, 2295, 2, 1
1004, 2292, 2, 1
1005, 2291, 2, 1
1006, 2296, 2, 1
1007, 2283, 2, 1
1008, 2312, 2, 1
1009, 2287, 2, 1
1010, 2279, 2, 1
1011, 2289, 2, 1
1012, 2281, 2, 1
1013, 2264, 2, 1
1014, 2288, 2, 1
1015, 2311, 2, 1
1016, 2313, 2, 1
1017, 2314, 2, 1
1018, 2311, 2, 1
1019, 2289, 2, 1
1020, 2327, 2, 1
1021, 2298, 2, 1
1022, 2310, 2, 1
1023, 2304, 2, 1
1024, 2342, 2, 1
1025, 2319, 2, 1
1026, 2314, 2, 1
1027, 2342, 2, 1
1028, 2316, 2, 1
1029, 2320, 2, 1
1030, 2321, 2, 1
1031, 2330, 2, 1
1032, 2360, 2, 1
1033, 2347, 2, 1
1034, 2343, 2, 1
1035, 2331, 2, 1
1036, 2321, 2, 1
1037, 2339, 2, 1
1038, 2379, 2, 1
1039, 2368, 2, 1
1040, 2328, 2, 1
1041, 2373, 2, 1
1042, 2382, 2, 1
1043, 2320, 2, 1
1044, 2342, 2, 1
1045, 2349, 2, 1
1046, 2325, 2, 1
1047, 2303, 2, 1
1048, 2313, 2, 1
1049, 2299, 2, 1
1050, 2292, 2, 1
1051, 2306, 2, 0
1052, 2283, 2, 0
1053, 2254, 2, 0
1054, 2237, 2, 0
1055, 2289, 2, 0
1056, 2257, 2, 0
1057, 2320, 2, 0
1058, 2263, 2, 0
1059, 2274, 2, 0
1060, 2252, 2, 0
1061, 2245, 2, 0
1062, 2267, 2, 0
1063, 2220, 2, 0
1064, 2262, 2, 0
1065, 2272, 2, 0
1066, 2276, 2, 0
1067, 2303, 2, 0
1068, 2302, 2, 0
1069, 2290, 2, 0
1070, 2263, 2, 0
1071, 2296, 2, 0
1072, 2303, 2, 0
1073, 2297, 2, 0
1074, 2298, 2, 0
1075, 2340, 2, 0
1076, 2322, 2, 0
1077, 2331, 2, 0
1078, 2331, 2, 0
1079, 2307, 2, 0
1080, 2334, 2, 0
1081, 2340, 2, 0
1082, 2334, 2, 0
1083, 2296, 2, 0
1084, 2318, 2, 0
1085, 2343, 2, 0
1086, 2327, 2, 0
1087, 2319, 2, 0
1088, 2261, 2, 0
1089, 2290, 2, 0
1090, 2312, 2, 0
1091, 2165, 2, 0
1092, 2302, 2, 0
1093, 2305, 2, 0
1094, 2258, 2, 0
1095, 2266, 2, 0
1096, 2268, 2, 0
1097, 2274, 2, 0
1098, 2294, 2, 0
1099, 2264, 2, 0
1100, 2249, 2, 0
1101, 2237, 2, 0
1102, 2260, 2, 0
1103, 2263, 2, 0
1104, 2220, 2, 0
1105, 2221, 2, 0
1106, 2185, 2, 0
1107, 2221, 2, 0
1108, 2252, 2, 0
1109, 2261, 2, 0
1110, 2242, 2, 0
1111, 2227, 2, 0
1112, 2225, 2, 0
1113, 2145, 2, 0
1114, 2259, 2, 0
1115, 2269, 2, 0
1116, 2240, 2, 0
1117, 2272, 2, 0
1118, 2246, 2, 0
1119, 2262, 2, 0
1120, 2264, 2, 0
1121, 2268, 2, 0
1122, 2239, 2, 0
1123, 2269, 2, 0
1124, 2240, 2, 0
1125, 2086, 2, 0
1126, 2231, 2, 0
1127, 2236, 2, 0
1128, 2275, 2, 0
1129, 2241, 2, 0
1130, 2262, 2, 0
1131, 2219, 2, 0
1132, 2252, 2, 0
1133, 2204, 2, 0
1134, 2260, 2, 0
1135, 2250, 2, 0
1136, 2240, 2, 0
1137, 2224, 2, 0
1138, 2199, 2, 0
1139, 2211, 2, 0
1140, 2233, 2, 0
1141, 2195, 2, 0
1142, 2211, 2, 0
1143, 2228, 2, 0
1144, 2193, 2, 0
1145, 2136, 2, 0
1146, 2290, 2, 0
1147, 2224, 2, 0
1148, 2190, 2, 0
1149, 2219, 2, 0
1150, 2227, 2, 0
1151, 2200, 2, 0
1152, 2192, 2, 0
1153, 2238, 2, 0
1154, 2287, 2, 0
1155, 2194, 2, 0
1156, 2237, 2, 0
1157, 2209, 2, 0
1158, 2213, 2, 0
1159, 2229, 2, 0
1160, 2205, 2, 0
1161, 2200, 2, 0
1162, 2233, 2, 0
1163, 2217, 2, 0
1164, 2227, 2, 0
1165, 2245, 2, 0
1166, 2207, 2, 0
1167, 2193, 2, 0
1168, 2194, 2, 0
1169, 2233, 2, 0
1170, 2201, 2, 0
1171, 2227, 2, 0
1172, 2202, 2, 0
1173, 2212, 2, 0
1174, 2188, 2, 0
1175, 2194, 2, 0
1176, 2168, 2, 0
1177, 2184, 2, 0
1178, 2195, 2, 0
1179, 2208, 2, 0
1180, 2207, 2, 0
1181, 2196, 2, 0
1182, 2168, 2, 0
1183, 2213, 2, 0
1184, 2240, 2, 0
1185, 2154, 2, 0
1186, 2197, 2, 0
1187, 2199, 2, 0
1188, 2173, 2, 0
1189, 2164, 2, 0
1190, 2173, 2, 0
1191, 2199, 2, 0
1192, 2179, 2, 0
1193, 2210, 2, 0
1194, 2168, 2, 0
1195, 2188, 2, 0
1196, 2172, 2, 0
1197, 2190, 2, 0
1198, 2198, 2, 0
1199, 2205, 2, 0
1200, 2221, 2, 0
1201, 2189, 2, 1
1202, 2255, 2, 1
1203, 2248, 2, 1
1204, 2255, 2, 1
1205, 2224, 2, 1
1206, 2252, 2, 1
1207, 2221, 2, 1
1208, 2258, 2, 1
1209, 2307, 2, 1
1210, 2283, 2, 1
1211, 2249, 2, 1
1212, 2243, 2, 1
1213, 2271, 2, 1
1214, 2267, 2, 1
1215, 2285, 2, 1
1216, 2257, 2, 1
1217, 2215, 2, 1
1218, 2239, 2, 1
1219, 2235, 2, 1
1220, 2275, 2, 1
1221, 2221, 2, 1
1222, 2288, 2, 1
1223, 2208, 2, 1
1224, 2189, 2, 1
1225, 2196, 2, 1
1226, 2210, 2, 1
1227, 2195, 2, 1
1228, 2208, 2, 1
1229, 2187, 2, 1
1230, 2190, 2, 1
1231, 2212, 2, 1
1232, 2224, 2, 1
1233, 2192, 2, 1
1234, 2209, 2, 1
1235, 2242, 2, 1
1236, 2196, 2, 1
1237, 2181, 2, 1
1238, 2200, 2, 1
1239, 2224, 2, 1
1240, 2237, 2, 1
1241, 2200, 2, 1
1242, 2242, 2, 1
1243, 2236, 2, 1
1244, 2251, 2, 1
1245, 2275, 2, 1
1246, 2240, 2, 1
1247, 2268, 2, 1
1248, 2264, 2, 1
1249, 2284, 2, 1
1250, 2321, 2, 1
1251, 2323, 2, 1
1252, 2293, 2, 1
1253, 2298, 2, 1
1254, 2293, 2, 1
1255, 2314, 2, 1
1256, 2278, 2, 1
1257, 2324, 2, 1
1258, 2273, 2, 1
1259, 2312, 2, 1
1260, 2279, 2, 1
1261, 2303, 2, 1
1262, 2317, 2, 1
1263, 2284, 2, 1
1264, 2276, 2, 1
1265, 2285, 2, 1
1266, 2246, 2, 1
1267, 2242, 2, 1
1268, 2271, 2, 1
1269, 2250, 2, 1
1270, 2324, 2, 1
1271, 2228, 2, 1
1272, 2238, 2, 1
1273, 2274, 2, 1
1274, 2273, 2, 1
1275, 2242, 2, 1
1276, 2268, 2, 1
1277, 2266, 2, 1
1278, 2280, 2, 1
1279, 2285, 2, 1
1280, 2293, 2, 1
1281, 2272, 2, 1
1282, 2273, 2, 1
1283, 2297, 2, 1
1284, 2311, 2, 1
1285, 2284, 2, 1
1286, 2302, 2, 1
1287, 2311, 2, 1
1288, 2284, 2, 1
1289, 2323, 2, 1
1290, 2308, 2, 1
1291, 2329, 2, 1
1292, 2334, 2, 1
1293, 2312, 2, 1
1294, 2324, 2, 1
1295, 2301, 2, 1
1296, 2322, 2, 1
1297, 2308, 2, 1
1298, 2338, 2, 1
1299, 2296, 2, 1
1300, 2307, 2, 1
1301, 2322, 2, 1
1302, 2320, 2, 1
1303, 2353, 2, 1
1304, 2282, 2, 1
1305, 2286, 2, 1
1306, 2309, 2, 1
1307, 2282, 2, 1
1308, 2303, 2, 1
1309, 2293, 2, 1
1310, 2294, 2, 1
1311, 2208, 2, 1
1312, 2217, 2, 1
1313, 2302, 2, 1
1314, 2274, 2, 1
1315, 2297, 2, 1
1316, 2286, 2, 1
1317, 2325, 2, 1
1318, 2318, 2, 1
1319, 2318, 2, 1
1320, 2327, 2, 1
1321, 2335, 2, 1
1322, 2338, 2, 1
1323, 2335, 2, 1
1324, 2318, 2, 1
1325, 2352, 2, 1
1326, 2363, 2, 1
1327, 2352, 2, 1
1328, 2361, 2, 1
1329, 2354, 2, 1
1330, 2176, 2, 1
1331, 2411, 2, 1
1332, 2254, 2, 1
1333, 2380, 2, 1
1334, 2332, 2, 1
1335, 2350, 2, 1
1336, 2337, 2, 1
1337, 2361, 2, 1
1338, 2373, 2, 1
1339, 2336, 2, 1
1340, 2335, 2, 1
1341, 2327, 2, 1
1342, 2350, 2, 1
1343, 2315, 2, 1
1344, 2306, 2, 1
1345, 2346, 2, 1
1346, 2309, 2, 1
1347, 2309, 2, 1
1348, 2302, 2, 1
1349, 2344, 2, 1
1350, 2341, 2, 1
1351, 2335, 2, 0
1352, 2288, 2, 0
1353, 2258, 2, 0
1354, 2238, 2, 0
1355, 2309, 2, 0
1356, 2275, 2, 0
1357, 2207, 2, 0
1358, 2227, 2, 0
1359, 2271, 2, 0
1360, 2240, 2, 0
1361, 2283, 2, 0
1362, 2247, 2, 0
1363, 2231, 2, 0
1364, 2250, 2, 0
1365, 2256, 2, 0
1366, 2254, 2, 0
1367, 2287, 2, 0
1368, 2257, 2, 0
1369, 2251, 2, 0
1370, 2282, 2, 0
1371, 2345, 2, 0
1372, 2316, 2, 0
1373, 2292, 2, 0
1374, 2311, 2, 0
1375, 2364, 2, 0
1376, 2318, 2, 0
1377, 2348, 2, 0
1378, 2341, 2, 0
1379, 2350, 2, 0
1380, 2316, 2, 0
1381, 2355, 2, 0
1382, 2312, 2, 0
1383, 2303, 2, 0
1384, 2326, 2, 0
1385, 2271, 2, 0
1386, 2297, 2, 0
1387, 2324, 2, 0
1388, 2298, 2, 0
1389, 2282, 2, 0
1390, 2279, 2, 0
1391, 2279, 2, 0
1392, 2321, 2, 0
1393, 2308, 2, 0
1394, 2265, 2, 0
1395, 2245, 2, 0
1396, 2357, 2, 0
1397, 2269, 2, 0
1398, 2278, 2, 0
1399, 2236, 2, 0
1400, 2230, 2, 0
1401, 2245, 2, 0
1402, 2228, 2, 0
1403, 2246, 2, 0
1404, 2221, 2, 0
1405, 2239, 2, 0
1406, 2221, 2, 0
1407, 2218, 2, 0
1408, 2231, 2, 0
1409, 2229, 2, 0
1410, 2242, 2, 0
1411, 2263, 2, 0
1412, 2238, 2, 0
1413, 2225, 2, 0
1414, 2242, 2, 0
1415, 2266, 2, 0
1416, 2258, 2, 0
1417, 2232, 2, 0
1418, 2247, 2, 0
1419, 2179, 2, 0
1420, 2224, 2, 0
1421, 2233, 2, 0
1422, 2244, 2, 0
1423, 2280, 2, 0
1424, 2236, 2, 0
1425, 2222, 2, 0
1426, 2281, 2, 0
1427, 2279, 2, 0
1428, 2229, 2, 0
1429, 2236, 2, 0
1430, 2261, 2, 0
1431, 2208, 2, 0
1432, 2252, 2, 0
1433, 2216, 2, 0
1434, 2242, 2, 0
1435, 2235, 2, 0
1436, 2214, 2, 0
1437, 2225, 2, 0
1438, 2230, 2, 0
1439, 2186, 2, 0
1440, 2194, 2, 0
1441, 2198, 2, 0
1442, 2233, 2, 0
1443, 2197, 2, 0
1444, 2188, 2, 0
1445, 2191, 2, 0
1446, 2181, 2, 0
1447, 2200, 2, 0
1448, 2186, 2, 0
1449, 2229, 2, 0
1450, 2228, 2, 0
1451, 2216, 2, 0
1452, 2238, 2, 0
1453, 2198, 2, 0
1454, 2238, 2, 0
1455, 2170, 2, 0
1456, 2221, 2, 0
1457, 2212, 2, 0
1458, 2245, 2, 0
1459, 2237, 2, 0
1460, 2240, 2, 0
1461, 2231, 2, 0
1462, 2240, 2, 0
1463, 2234, 2, 0
1464, 2204, 2, 0
1465, 2215, 2, 0
1466, 2203, 2, 0
1467, 2232, 2, 0
1468, 2214, 2, 0
1469, 2227, 2, 0
1470, 2183, 2, 0
1471, 2206, 2, 0
1472, 2252, 2, 0
1473, 2176, 2, 0
1474, 2200, 2, 0
1475, 2189, 2, 0
1476, 2217, 2, 0
1477, 2180, 2, 0
1478, 2214, 2, 0
1479, 2174, 2, 0
1480, 2200, 2, 0
1481, 2260, 2, 0
1482, 2191, 2, 0
1483, 2201, 2, 0
1484, 2170, 2, 0
1485, 2175, 2, 0
1486, 2167, 2, 0
1487, 2191, 2, 0
1488, 2201, 2, 0
1489, 2183, 2, 0
1490, 2243, 2, 0
1491, 2204, 2, 0
1492, 2192, 2, 0
1493, 2199, 2, 0
1494, 2178, 2, 0
1495, 2207, 2, 0
1496, 2172, 2, 0
1497, 2193, 2, 0
1498, 2176, 2, 0
1499, 2251, 2, 0
1500, 2196, 2, 0
1501, 2212, 2, 1
1502, 2243, 2, 1
1503, 2275, 2, 1
1504, 2280, 2, 1
1505, 2213, 2, 1
1506, 2239, 2, 1
1507, 2259, 2, 1
1508, 2257, 2, 1
1509, 2259, 2, 1
1510, 2258, 2, 1
1511, 2247, 2, 1
1512, 2261, 2, 1
1513, 2268, 2, 1
1514, 2282, 2, 1
1515, 2320, 2, 1
1516, 2275, 2, 1
1517, 2231, 2, 1
1518, 2263, 2, 1
1519, 2261, 2, 1
1520, 2249, 2, 1
1521, 2209, 2, 1
1522, 2246, 2, 1
1523, 2222, 2, 1
1524, 2192, 2, 1
1525, 2208, 2, 1
1526, 2218, 2, 1
1527, 2210, 2, 1
1528, 2208, 2, 1
1529, 2180, 2, 1
1530, 2170, 2, 1
1531, 2168, 2, 1
1532, 2181, 2, 1
1533, 2181, 2, 1
1534, 2182, 2, 1
1535, 2196, 2, 1
1536, 2220, 2, 1
1537, 2192, 2, 1
1538, 2105, 2, 1
1539, 2227, 2, 1
1540, 2237, 2, 1
1541, 2246, 2, 1
1542, 2236, 2, 1
1543, 2211, 2, 1
1544, 2265, 2, 1
1545, 2276, 2, 1
1546, 2250, 2, 1
1547, 2266, 2, 1
1548, 2221, 2, 1
1549, 2270, 2, 1
1550, 2295, 2, 1
1551, 2265, 2, 1
1552, 2288, 2, 1
1553, 2293, 2, 1
1554, 2270, 2, 1
1555, 2284, 2, 1
1556, 2275, 2, 1
1557, 2271, 2, 1
1558, 2317, 2, 1
1559, 2327, 2, 1
1560, 2323, 2, 1
1561, 2326, 2, 1
1562, 2280, 2, 1
1563, 2289, 2, 1
1564, 2264, 2, 1
1565, 2283, 2, 1
1566, 2258, 2, 1
1567, 2245, 2, 1
1568, 2263, 2, 1
1569, 2226, 2, 1
1570, 2275, 2, 1
1571, 2226, 2, 1
1572, 2264, 2, 1
1573, 2235, 2, 1
1574, 2245, 2, 1
1575, 2267, 2, 1
1576, 2234, 2, 1
1577, 2265, 2, 1
1578, 2241, 2, 1
1579, 2256, 2, 1
1580, 2287, 2, 1
1581, 2259, 2, 1
1582, 2290, 2, 1
1583, 2298, 2, 1
1584, 2270, 2, 1
1585, 2317, 2, 1
1586, 2320, 2, 1
1587, 2298, 2, 1
1588, 2267, 2, 1
1589, 2328, 2, 1
1590, 2331, 2, 1
1591, 2341, 2, 1
1592, 2348, 2, 1
1593, 2306, 2, 1
1594, 2343, 2, 1
1595, 2339, 2, 1
1596, 2308, 2, 1
1597, 2307, 2, 1
1598, 2338, 2, 1
1599, 2315, 2, 1
1600, 2324, 2, 1
1601, 2287, 2, 1
1602, 2296, 2, 1
1603, 2284, 2, 1
1604, 2319, 2, 1
1605, 2328, 2, 1
1606, 2289, 2, 1
1607, 2277, 2, 1
1608, 2304, 2, 1
1609, 2221, 2, 1
1610, 2245, 2, 1
1611, 2282, 2, 1
1612, 2301, 2, 1
1613, 2302, 2, 1
1614, 2281, 2, 1
1615, 2327, 2, 1
1616, 2318, 2, 1
1617, 2333, 2, 1
1618, 2316, 2, 1
1619, 2315, 2, 1
1620, 2288, 2, 1
1621, 2331, 2, 1
1622, 2345, 2, 1
1623, 2315, 2, 1
1624, 2348, 2, 1
1625, 2340, 2, 1
1626, 2335, 2, 1
1627, 2354, 2, 1
1628, 2359, 2, 1
1629, 2332, 2, 1
1630, 2353, 2, 1
1631, 2362, 2, 1
1632, 2358, 2, 1
1633, 2347, 2, 1
1634, 2340, 2, 1
1635, 2348, 2, 1
1636, 2338, 2, 1
1637, 2355, 2, 1
1638, 2350, 2, 1
1639, 2378, 2, 1
1640, 2363, 2, 1
1641, 2344, 2, 1
1642, 2357, 2, 1
1643, 2354, 2, 1
1644, 2353, 2, 1
1645, 2360, 2, 1
1646, 2346, 2, 1
1647, 2375, 2, 1
1648, 2307, 2, 1
1649, 2312, 2, 1
1650, 2333, 2, 1
1651, 2327, 2, 0
1652, 2292, 2, 0
1653, 2262, 2, 0
1654, 2244, 2, 0
1655, 2313, 2, 0
1656, 2311, 2, 0
1657, 2279, 2, 0
1658, 2238, 2, 0
1659, 2262, 2, 0
1660, 2278, 2, 0
1661, 2296, 2, 0
1662, 2240, 2, 0
1663, 2249, 2, 0
1664, 2219, 2, 0
1665, 2240, 2, 0
1666, 2279, 2, 0
1667, 2265, 2, 0
1668, 2251, 2, 0
1669, 2226, 2, 0
1670, 2307, 2, 0
1671, 2274, 2, 0
1672, 2304, 2, 0
1673, 2267, 2, 0
1674, 2329, 2, 0
1675, 2316, 2, 0
1676, 2320, 2, 0
1677, 2335, 2, 0
1678, 2322, 2, 0
1679, 2315, 2, 0
1680, 2340, 2, 0
1681, 2341, 2, 0
1682, 2308, 2, 0
1683, 2312, 2, 0
1684, 2359, 2, 0
1685, 2307, 2, 0
1686, 2334, 2, 0
1687, 2284, 2, 0
1688, 2295, 2, 0
1689, 2283, 2, 0
1690, 2368, 2, 0
1691, 2290, 2, 0
1692, 2314, 2, 0
1693, 2275, 2, 0
1694, 2256, 2, 0
1695, 2262, 2, 0
1696, 2238, 2, 0
1697, 2248, 2, 0
1698, 2238, 2, 0
1699, 2230, 2, 0
1700, 2232, 2, 0
1701, 2251, 2, 0
1702, 2259, 2, 0
1703, 2238, 2, 0
1704, 2251, 2, 0
1705, 2245, 2, 0
1706, 2259, 2, 0
1707, 2222, 2, 0
1708, 2224, 2, 0
1709, 2231, 2, 0
1710, 2226, 2, 0
1711, 2233, 2, 0
1712, 2228, 2, 0
1713, 2220, 2, 0
1714, 2259, 2, 0
1715, 2229, 2, 0
1716, 2245, 2, 0
1717, 2241, 2, 0
1718, 2241, 2, 0
1719, 2232, 2, 0
1720, 2248, 2, 0
1721, 2234, 2, 0
1722, 2238, 2, 0
1723, 2253, 2, 0
1724, 2279, 2, 0
1725, 2203, 2, 0
1726, 2274, 2, 0
1727, 2250, 2, 0
1728, 2242, 2, 0
1729, 2263, 2, 0
1730, 2261, 2, 0
1731, 2254, 2, 0
1732, 2255, 2, 0
1733, 2200, 2, 0
1734, 2261, 2, 0
1735, 2213, 2, 0
1736, 2245, 2, 0
1737, 2236, 2, 0
1738, 2195, 2, 0
1739, 2190, 2, 0
1740, 2224, 2, 0
1741, 2213, 2, 0
1742, 2255, 2, 0
1743, 2230, 2, 0
1744, 2186, 2, 0
1745, 2194, 2, 0
1746, 2226, 2, 0
1747, 2210, 2, 0
1748, 2220, 2, 0
1749, 2194, 2, 0
1750, 2229, 2, 0
1751, 2201, 2, 0
1752, 2206, 2, 0
1753, 2213, 2, 0
1754, 2222, 2, 0
1755, 2267, 2, 0
1756, 2198, 2, 0
1757, 2222, 2, 0
1758, 2197, 2, 0
1759, 2219, 2, 0
1760, 2248, 2, 0
1761, 2202, 2, 0
1762, 2235, 2, 0
1763, 2218, 2, 0
1764, 2188, 2, 0
1765, 2210, 2, 0
1766, 2240, 2, 0
1767, 2240, 2, 0
1768, 2210, 2, 0
1769, 2202, 2, 0
1770, 2228, 2, 0
1771, 2228, 2, 0
1772, 2192, 2, 0
1773, 2221, 2, 0
1774, 2199, 2, 0
1775, 2224, 2, 0
1776, 2198, 2, 0
1777, 2218, 2, 0
1778, 2199, 2, 0
1779, 2189, 2, 0
1780, 2206, 2, 0
1781, 2135, 2, 0
1782, 2174, 2, 0
1783, 2200, 2, 0
1784, 2206, 2, 0
1785, 2185, 2, 0
1786, 2192, 2, 0
1787, 2161, 2, 0
1788, 2189, 2, 0
1789, 2194, 2, 0
1790, 2167, 2, 0
1791, 2208, 2, 0
1792, 2167, 2, 0
1793, 2167, 2, 0
1794, 2167, 2, 0
1795, 2182, 2, 0
1796, 2175, 2, 0
1797, 2192, 2, 0
1798, 2175, 2, 0
1799, 2200, 2, 0
1800, 2177, 2, 0
1801, 2224, 2, 1
1802, 2250, 2, 1
1803, 2263, 2, 1
1804, 2247, 2, 1
1805, 2243, 2, 1
1806, 2249, 2, 1
1807, 2255, 2, 1
1808, 2288, 2, 1
1809, 2276, 2, 1
1810, 2258, 2, 1
1811, 2269, 2, 1
1812, 2253, 2, 1
1813, 2255, 2, 1
1814, 2277, 2, 1
1815, 2250, 2, 1
1816, 2254, 2, 1
1817, 2224, 2, 1
1818, 2242, 2, 1
1819, 2240, 2, 1
1820, 2271, 2, 1
1821, 2270, 2, 1
1822, 2227, 2, 1
1823, 2232, 2, 1
1824, 2215, 2, 1
1825, 2213, 2, 1
1826, 2191, 2, 1
1827, 2222, 2, 1
1828, 2197, 2, 1
1829, 2204, 2, 1
1830, 2170, 2, 1
1831, 2208, 2, 1
1832, 2195, 2, 1
1833, 2177, 2, 1
1834, 2174, 2, 1
1835, 2206, 2, 1
1836, 2185, 2, 1
1837, 2227, 2, 1
1838, 2204, 2, 1
1839, 2211, 2, 1
1840, 2227, 2, 1
1841, 2240, 2, 1
1842, 2209, 2, 1
1843, 2224, 2, 1
1844, 2235, 2, 1
1845, 2260, 2, 1
1846, 2237, 2, 1
1847, 2252, 2, 1
1848, 2297, 2, 1
1849, 2269, 2, 1
1850, 2269, 2, 1
1851, 2303, 2, 1
1852, 2310, 2, 1
1853, 2319, 2, 1
1854, 2333, 2, 1
1855, 2278, 2, 1
1856, 2282, 2, 1
1857, 2310, 2, 1
1858, 2295, 2, 1
1859, 2273, 2, 1
1860, 2375, 2, 1
1861, 2303, 2, 1
1862, 2262, 2, 1
1863, 2255, 2, 1
1864, 2287, 2, 1
1865, 2254, 2, 1
1866, 2263, 2, 1
1867, 2259, 2, 1
1868, 2255, 2, 1
1869, 2293, 2, 1
1870, 2177, 2, 1
1871, 2252, 2, 1
1872, 2238, 2, 1
1873, 2245, 2, 1
1874, 2278, 2, 1
1875, 2235, 2, 1
1876, 2269, 2, 1
1877, 2257, 2, 1
1878, 2290, 2, 1
1879, 2262, 2, 1
1880, 2273, 2, 1
1881, 2262, 2, 1
1882, 2330, 2, 1
1883, 2279, 2, 1
1884, 2282, 2, 1
1885, 2320, 2, 1
1886, 2309, 2, 1
1887, 2343, 2, 1
1888, 2326, 2, 1
1889, 2336, 2, 1
1890, 2276, 2, 1
1891, 2335, 2, 1
1892, 2335, 2, 1
1893, 2315, 2, 1
1894, 2314, 2, 1
1895, 2302, 2, 1
1896, 2303, 2, 1
1897, 2320, 2, 1
1898, 2309, 2, 1
1899, 2292, 2, 1
1900, 2289, 2, 1
1901, 2301, 2, 1
1902, 2304, 2, 1
1903, 2298, 2, 1
1904, 2335, 2, 1
1905, 2319, 2, 1
1906, 2312, 2, 1
1907, 2301, 2, 1
1908, 2291, 2, 1
1909, 2282, 2, 1
1910, 2333, 2, 1
1911, 2337, 2, 1
1912, 2309, 2, 1
1913, 2281, 2, 1
1914, 2283, 2, 1
1915, 2303, 2, 1
1916, 2318, 2, 1
1917, 2324, 2, 1
1918, 2315, 2, 1
1919, 2303, 2, 1
1920, 2367, 2, 1
1921, 2340, 2, 1
1922, 2305, 2, 1
1923, 2346, 2, 1
1924, 2349, 2, 1
1925, 2330, 2, 1
1926, 2347, 2, 1
1927, 2314, 2, 1
1928, 2305, 2, 1
1929, 2338, 2, 1
1930, 2352, 2, 1
1931, 2343, 2, 1
1932, 2328, 2, 1
1933, 2374, 2, 1
1934, 2374, 2, 1
1935, 2360, 2, 1
1936, 2337, 2, 1
1937, 2444, 2, 1
1938, 2331, 2, 1
1939, 2327, 2, 1
1940, 2329, 2, 1
1941, 2365, 2, 1
1942, 2321, 2, 1
1943, 2345, 2, 1
1944, 2338, 2, 1
1945, 2312, 2, 1
1946, 2328, 2, 1
1947, 2317, 2, 1
1948, 2343, 2, 1
1949, 2323, 2, 1
1950, 2316, 2, 1
1951, 2306, 2, 0
1952, 2263, 2, 0
1953, 2250, 2, 0
1954, 2238, 2, 0
1955, 2267, 2, 0
1956, 2288, 2, 0
1957, 2266, 2, 0
1958, 2288, 2, 0
1959, 2254, 2, 0
1960, 2240, 2, 0
1961, 2262, 2, 0
1962, 2245, 2, 0
1963, 2296, 2, 0
1964, 2238, 2, 0
1965, 2268, 2, 0
1966, 2256, 2, 0
1967, 2294, 2, 0
1968, 2278, 2, 0
1969, 2314, 2, 0
1970, 2282, 2, 0
1971, 2274, 2, 0
1972, 2325, 2, 0
1973, 2314, 2, 0
1974, 2331, 2, 0
1975, 2317, 2, 0
1976, 2331, 2, 0
1977, 2364, 2, 0
1978, 2344, 2, 0
1979, 2360, 2, 0
1980, 2332, 2, 0
1981, 2364, 2, 0
1982, 2328, 2, 0
1983, 2338, 2, 0
1984, 2351, 2, 0
1985, 2329, 2, 0
1986, 2295, 2, 0
1987, 2318, 2, 0
1988, 2290, 2, 0
1989, 2301, 2, 0
1990, 2304, 2, 0
1991, 2265, 2, 0
1992, 2263, 2, 0
1993, 2266, 2, 0
1994, 2258, 2, 0
1995, 2282, 2, 0
1996, 2270, 2, 0
1997, 2245, 2, 0
1998, 2265, 2, 0
1999, 2267, 2, 0
2000, 2270, 2, 0
2001, 2248, 2, 0
2002, 2254, 2, 0
2003, 2264, 2, 0
2004, 2240, 2, 0
2005, 2236, 2, 0
2006, 2230, 2, 0
2007, 2238, 2, 0
2008, 2260, 2, 0
2009, 2292, 2, 0
2010, 2245, 2, 0
2011, 2264, 2, 0
2012, 2267, 2, 0
2013, 2254, 2, 0
2014, 2230, 2, 0
2015, 2264, 2, 0
2016, 2254, 2, 0
2017, 2237, 2, 0
2018, 2234, 2, 0
2019, 2273, 2, 0
2020, 2279, 2, 0
2021, 2259, 2, 0
2022, 2310, 2, 0
2023, 2264, 2, 0
2024, 2277, 2, 0
2025, 2258, 2, 0
2026, 2246, 2, 0
2027, 2256, 2, 0
2028, 2212, 2, 0
2029, 2226, 2, 0
2030, 2233, 2, 0
2031, 2225, 2, 0
2032, 2250, 2, 0
2033, 2251, 2, 0
2034, 2225, 2, 0
2035, 2227, 2, 0
2036, 2253, 2, 0
2037, 2142, 2, 0
2038, 2235, 2, 0
2039, 2215, 2, 0
2040, 2234, 2, 0
2041, 2231, 2, 0
2042, 2225, 2, 0
2043, 2216, 2, 0
2044, 2226, 2, 0
2045, 2214, 2, 0
2046, 2190, 2, 0
2047, 2242, 2, 0
2048, 2204, 2, 0
2049, 2201, 2, 0
2050, 2229, 2, 0
2051, 2144, 2, 0
2052, 2209, 2, 0
2053, 2238, 2, 0
2054, 2249, 2, 0
2055, 2243, 2, 0
2056, 2244, 2, 0
2057, 2221, 2, 0
2058, 2207, 2, 0
2059, 2200, 2, 0
2060, 2206, 2, 0
2061, 2233, 2, 0
2062, 2224, 2, 0
2063, 2221, 2, 0
2064, 2210, 2, 0
2065, 2201, 2, 0
2066, 2224, 2, 0
2067, 2198, 2, 0
2068, 2245, 2, 0
2069, 2233, 2, 0
2070, 2208, 2, 0
2071, 2233, 2, 0
2072, 2219, 2, 0
2073, 2201, 2, 0
2074, 2213, 2, 0
2075, 2214, 2, 0
2076, 2206, 2, 0
2077, 2218, 2, 0
2078, 2178, 2, 0
2079, 2196, 2, 0
2080, 2177, 2, 0
2081, 2398, 2, 0
2082, 2187, 2, 0
2083, 2170, 2, 0
2084, 2170, 2, 0
2085, 2188, 2, 0
2086, 2175, 2, 0
2087, 2203, 2, 0
2088, 2192, 2, 0
2089, 2187, 2, 0
2090, 2180, 2, 0
2091, 2210, 2, 0
2092, 2202, 2, 0
2093, 2195, 2, 0
2094, 2206, 2, 0
2095, 2203, 2, 0
2096, 2207, 2, 0
2097, 2208, 2, 0
2098, 2172, 2, 0
2099, 2232, 2, 0
2100, 2194, 2, 0
2101, 2210, 2, 1
2102, 2235, 2, 1
2103, 2275, 2, 1
2104, 2277, 2, 1
2105, 2215, 2, 1
2106, 2223, 2, 1
2107, 2230, 2, 1
2108, 2247, 2, 1
2109, 2280, 2, 1
2110, 2276, 2, 1
2111, 2264, 2, 1
2112, 2255, 2, 1
2113, 2320, 2, 1
2114, 2270, 2, 1
2115, 2281, 2, 1
2116, 2238, 2, 1
2117, 2239, 2, 1
2118, 2251, 2, 1
2119, 2254, 2, 1
2120, 2258, 2, 1
2121, 2261, 2, 1
2122, 2256, 2, 1
2123, 2240, 2, 1
2124, 2209, 2, 1
2125, 2207, 2, 1
2126, 2236, 2, 1
2127, 2176, 2, 1
2128, 2152, 2, 1
2129, 2112, 2, 1
2130, 2184, 2, 1
2131, 2222, 2, 1
2132, 2159, 2, 1
2133, 2175, 2, 1
2134, 2194, 2, 1
2135, 2203, 2, 1
2136, 2172, 2, 1
2137, 2202, 2, 1
2138, 2192, 2, 1
2139, 2227, 2, 1
2140, 2222, 2, 1
2141, 2251, 2, 1
2142, 2253, 2, 1
2143, 2261, 2, 1
2144, 2257, 2, 1
2145, 2278, 2, 1
2146, 2191, 2, 1
2147, 2275, 2, 1
2148, 2253, 2, 1
2149, 2284, 2, 1
2150, 2279, 2, 1
2151, 2291, 2, 1
2152, 2306, 2, 1
2153, 2318, 2, 1
2154, 2313, 2, 1
2155, 2290, 2, 1
2156, 2321, 2, 1
2157, 2281, 2, 1
2158, 2291, 2, 1
2159, 2318, 2, 1
2160, 2310, 2, 1
2161, 2266, 2, 1
2162, 2300, 2, 1
2163, 2276, 2, 1
2164, 2267, 2, 1
2165, 2280, 2, 1
2166, 2288, 2, 1
2167, 2271, 2, 1
2168, 2270, 2, 1
2169, 2233, 2, 1
2170, 2254, 2, 1
2171, 2243, 2, 1
2172, 2243, 2, 1
2173, 2280, 2, 1
2174, 2219, 2, 1
2175, 2238, 2, 1
2176, 2255, 2, 1
2177, 2277, 2, 1
2178, 2298, 2, 1
2179, 2288, 2, 1
2180, 2264, 2, 1
2181, 2282, 2, 1
2182, 2303, 2, 1
2183, 2292, 2, 1
2184, 2319, 2, 1
2185, 2314, 2, 1
2186, 2324, 2, 1
2187, 2327, 2, 1
2188, 2336, 2, 1
2189, 2307, 2, 1
2190, 2330, 2, 1
2191, 2343, 2, 1
2192, 2346, 2, 1
2193, 2301, 2, 1
2194, 2321, 2, 1
2195, 2333, 2, 1
2196, 2309, 2, 1
2197, 2311, 2, 1
2198, 2316, 2, 1
2199, 2328, 2, 1
2200, 2333, 2, 1
2201, 2302, 2, 1
2202, 2295, 2, 1
2203, 2328, 2, 1
2204, 2318, 2, 1
2205, 2329, 2, 1
2206, 2317, 2, 1
2207, 2304, 2, 1
2208, 2318, 2, 1
2209, 2287, 2, 1
2210, 2290, 2, 1
2211, 2290, 2, 1
2212, 2334, 2, 1
2213, 2328, 2, 1
2214, 2329, 2, 1
2215, 2297, 2, 1
2216, 2354, 2, 1
2217, 2293, 2, 1
2218, 2300, 2, 1
2219, 2308, 2, 1
2220, 2315, 2, 1
2221, 2328, 2, 1
2222, 2309, 2, 1
2223, 2319, 2, 1
2224, 2321, 2, 1
2225, 2332, 2, 1
2226, 2331, 2, 1
2227, 2327, 2, 1
2228, 2369, 2, 1
2229, 2329, 2, 1
2230, 2365, 2, 1
2231, 2360, 2, 1
2232, 2334, 2, 1
2233, 2355, 2, 1
2234, 2378, 2, 1
2235, 2346, 2, 1
2236, 2342, 2, 1
2237, 2339, 2, 1
2238, 2358, 2, 1
2239, 2359, 2, 1
2240, 2317, 2, 1
2241, 2332, 2, 1
2242, 2324, 2, 1
2243, 2365, 2, 1
2244, 2320, 2, 1
2245, 2365, 2, 1
2246, 2325, 2, 1
2247, 2311, 2, 1
2248, 2329, 2, 1
2249, 2338, 2, 1
2250, 2342, 2, 1
2251, 2320, 2, 0
2252, 2316, 2, 0
2253, 2215, 2, 0
2254, 2266, 2, 0
2255, 2265, 2, 0
2256, 2315, 2, 0
2257, 2296, 2, 0
2258, 2291, 2, 0
2259, 2235, 2, 0
2260, 2261, 2, 0
2261, 2273, 2, 0
2262, 2289, 2, 0
2263, 2282, 2, 0
2264, 2303, 2, 0
2265, 2306, 2, 0
2266, 2263, 2, 0
2267, 2283, 2, 0
2268, 2263, 2, 0
2269, 2291, 2, 0
2270, 2270, 2, 0
2271, 2281, 2, 0
2272, 2296, 2, 0
2273, 2323, 2, 0
2274, 2294, 2, 0
2275, 2399, 2, 0
2276, 2309, 2, 0
2277, 2338, 2, 0
2278, 2382, 2, 0
2279, 2378, 2, 0
2280, 2319, 2, 0
2281, 2329, 2, 0
2282, 2290, 2, 0
2283, 2315, 2, 0
2284, 2329, 2, 0
2285, 2298, 2, 0
2286, 2289, 2, 0
2287, 2291, 2, 0
2288, 2328, 2, 0
2289, 2315, 2, 0
2290, 2287, 2, 0
2291, 2307, 2, 0
2292, 2276, 2, 0
2293, 2298, 2, 0
2294, 2257, 2, 0
2295, 2282, 2, 0
2296, 2244, 2, 0
2297, 2295, 2, 0
2298, 2275, 2, 0
2299, 2279, 2, 0
2300, 2264, 2, 0
2301, 2249, 2, 0
2302, 2274, 2, 0
2303, 2240, 2, 0
2304, 2255, 2, 0
2305, 2270, 2, 0
2306, 2228, 2, 0
2307, 2273, 2, 0
2308, 2247, 2, 0
2309, 2266, 2, 0
2310, 2268, 2, 0
2311, 2269, 2, 0
2312, 2244, 2, 0
2313, 2233, 2, 0
2314, 2248, 2, 0
2315, 2184, 2, 0
2316, 2233, 2, 0
2317, 2264, 2, 0
2318, 2223, 2, 0
2319, 2242, 2, 0
2320, 2210, 2, 0
2321, 2276, 2, 0
2322, 2244, 2, 0
2323, 2222, 2, 0
2324, 2276, 2, 0
2325, 2250, 2, 0
2326, 2254, 2, 0
2327, 2276, 2, 0
2328, 2219, 2, 0
2329, 2216, 2, 0
2330, 2245, 2, 0
2331, 2258, 2, 0
2332, 2250, 2, 0
2333, 2247, 2, 0
2334, 2201, 2, 0
2335, 2228, 2, 0
2336, 2210, 2, 0
2337, 2260, 2, 0
2338, 2211, 2, 0
2339, 2261, 2, 0
2340, 2213, 2, 0
2341, 2198, 2, 0
2342, 2194, 2, 0
2343, 2235, 2, 0
2344, 2241, 2, 0
2345, 2206, 2, 0
2346, 2226, 2, 0
2347, 2216, 2, 0
2348, 2207, 2, 0
2349, 2246, 2, 0
2350, 2226, 2, 0
2351, 2193, 2, 0
2352, 2230, 2, 0
2353, 2226, 2, 0
2354, 2155, 2, 0
2355, 2236, 2, 0
2356, 2265, 2, 0
2357, 2209, 2, 0
2358, 2208, 2, 0
2359, 2245, 2, 0
2360, 2228, 2, 0
2361, 2224, 2, 0
2362, 2216, 2, 0
2363, 2215, 2, 0
2364, 2225, 2, 0
2365, 2210, 2, 0
2366, 2224, 2, 0
2367, 2232, 2, 0
2368, 2204, 2, 0
2369, 2190, 2, 0
2370, 2230, 2, 0
2371, 2242, 2, 0
2372, 2203, 2, 0
2373, 2189, 2, 0
2374, 2185, 2, 0
2375, 2183, 2, 0
2376, 2192, 2, 0
2377, 2219, 2, 0
2378, 2215, 2, 0
2379, 2219, 2, 0
2380, 2179, 2, 0
2381, 2324, 2, 0
2382, 2206, 2, 0
2383, 2204, 2, 0
2384, 2217, 2, 0
2385, 2182, 2, 0
2386, 2188, 2, 0
2387, 2208, 2, 0
2388, 2214, 2, 0
2389, 2171, 2, 0
2390, 2245, 2, 0
2391, 2199, 2, 0
2392, 2198, 2, 0
2393, 2204, 2, 0
2394, 2221, 2, 0
2395, 2220, 2, 0
2396, 2211, 2, 0
2397, 2184, 2, 0
2398, 2199, 2, 0
2399, 2179, 2, 0
2400, 2199, 2, 0
2401, 2208, 2, 1
2402, 2205, 2, 1
2403, 2248, 2, 1
2404, 2248, 2, 1
2405, 2223, 2, 1
2406, 2235, 2, 1
2407, 2244, 2, 1
2408, 2260, 2, 1
2409, 2284, 2, 1
2410, 2280, 2, 1
2411, 2282, 2, 1
2412, 2241, 2, 1
2413, 2285, 2, 1
2414, 2293, 2, 1
2415, 2289, 2, 1
2416, 2274, 2, 1
2417, 2254, 2, 1
2418, 2227, 2, 1
2419, 2272, 2, 1
2420, 2267, 2, 1
2421, 2246, 2, 1
2422, 2256, 2, 1
2423, 2218, 2, 1
2424, 2250, 2, 1
2425, 2252, 2, 1
2426, 2218, 2, 1
2427, 2225, 2, 1
2428, 2183, 2, 1
2429, 2223, 2, 1
2430, 2219, 2, 1
2431, 2179, 2, 1
2432, 2190, 2, 1
2433, 2194, 2, 1
2434, 2169, 2, 1
2435, 2199, 2, 1
2436, 2188, 2, 1
2437, 2230, 2, 1
2438, 2213, 2, 1
2439, 2208, 2, 1
2440, 2256, 2, 1
2441, 2210, 2, 1
2442, 2214, 2, 1
2443, 2229, 2, 1
2444, 2181, 2, 1
2445, 2274, 2, 1
2446, 2278, 2, 1
2447, 2273, 2, 1
2448, 2305, 2, 1
2449, 2289, 2, 1
2450, 2266, 2, 1
2451, 2305, 2, 1
2452, 2297, 2, 1
2453, 2319, 2, 1
2454, 2301, 2, 1
2455, 2290, 2, 1
2456, 2329, 2, 1
2457, 2315, 2, 1
2458, 2327, 2, 1
2459, 2291, 2, 1
2460, 2279, 2, 1
2461, 2281, 2, 1
2462, 2310, 2, 1
2463, 2317, 2, 1
2464, 2308, 2, 1
2465, 2287, 2, 1
2466, 2288, 2, 1
2467, 2309, 2, 1
2468, 2227, 2, 1
2469, 2290, 2, 1
2470, 2271, 2, 1
2471, 2261, 2, 1
2472, 2266, 2, 1
2473, 2245, 2, 1
2474, 2282, 2, 1
2475, 2285, 2, 1
2476, 2289, 2, 1
2477, 2275, 2, 1
2478, 2285, 2, 1
2479, 2322, 2, 1
2480, 2283, 2, 1
2481, 2273, 2, 1
2482, 2281, 2, 1
2483, 2301, 2, 1
2484, 2313, 2, 1
2485, 2289, 2, 1
2486, 2308, 2, 1
2487, 2294, 2, 1
2488, 2300, 2, 1
2489, 2291, 2, 1
2490, 2344, 2, 1
2491, 2321, 2, 1
2492, 2307, 2, 1
2493, 2335, 2, 1
2494, 2343, 2, 1
2495, 2340, 2, 1
2496, 2308, 2, 1
2497, 2325, 2, 1
2498, 2323, 2, 1
2499, 2351, 2, 1
2500, 2348, 2, 1
2501, 2298, 2, 1
2502, 2306, 2, 1
2503, 2342, 2, 1
2504, 2298, 2, 1
2505, 2304, 2, 1
2506, 2302, 2, 1
2507, 2387, 2, 1
2508, 2286, 2, 1
2509, 2292, 2, 1
2510, 2315, 2, 1
2511, 2294, 2, 1
2512, 2325, 2, 1
2513, 2285, 2, 1
2514, 2295, 2, 1
2515, 2324, 2, 1
2516, 2331, 2, 1
2517, 2345, 2, 1
2518, 2323, 2, 1
2519, 2339, 2, 1
2520, 2297, 2, 1
2521, 2344, 2, 1
2522, 2335, 2, 1
2523, 2331, 2, 1
2524, 2334, 2, 1
2525, 2342, 2, 1
2526, 2352, 2, 1
2527, 2358, 2, 1
2528, 2359, 2, 1
2529, 2377, 2, 1
2530, 2364, 2, 1
2531, 2334, 2, 1
2532, 2362, 2, 1
2533, 2367, 2, 1
2534, 2337, 2, 1
2535, 2360, 2, 1
2536, 2372, 2, 1
2537, 2374, 2, 1
2538, 2339, 2, 1
2539, 2350, 2, 1
2540, 2352, 2, 1
2541, 2320, 2, 1
2542, 2361, 2, 1
2543, 2337, 2, 1
2544, 2340, 2, 1
2545, 2325, 2, 1
2546, 2338, 2, 1
2547, 2345, 2, 1
2548, 2318, 2, 1
2549, 2314, 2, 1
2550, 2341, 2, 1
2551, 2317, 2, 0
2552, 2318, 2, 0
2553, 2249, 2, 0
2554, 2253, 2, 0
2555, 2288, 2, 0
2556, 2319, 2, 0
2557, 2284, 2, 0
2558, 2268, 2, 0
2559, 2244, 2, 0
2560, 2250, 2, 0
2561, 2284, 2, 0
2562, 2311, 2, 0
2563, 2315, 2, 0
2564, 2240, 2, 0
2565, 2304, 2, 0
2566, 2282, 2, 0
2567, 2278, 2, 0
2568, 2278, 2, 0
2569, 2287, 2, 0
2570, 2290, 2, 0
2571, 2276, 2, 0
2572, 2294, 2, 0
2573, 2312, 2, 0
2574, 2366, 2, 0
2575, 2304, 2, 0
2576, 2330, 2, 0
2577, 2358, 2, 0
2578, 2296, 2, 0
2579, 2321, 2, 0
2580, 2338, 2, 0
2581, 2331, 2, 0
2582, 2353, 2, 0
2583, 2333, 2, 0
2584, 2316, 2, 0
2585, 2305, 2, 0
2586, 2308, 2, 0
2587, 2298, 2, 0
2588, 2327, 2, 0
2589, 2305, 2, 0
2590, 2286, 2, 0
2591, 2317, 2, 0
2592, 2286, 2, 0
2593, 2258, 2, 0
2594, 2282, 2, 0
2595, 2307, 2, 0
2596, 2297, 2, 0
2597, 2289, 2, 0
2598, 2272, 2, 0
2599, 2265, 2, 0
2600, 2250, 2, 0
2601, 2253, 2, 0
2602, 2282, 2, 0
2603, 2237, 2, 0
2604, 2249, 2, 0
2605, 2230, 2, 0
2606, 2269, 2, 0
2607, 2278, 2, 0
2608, 2277, 2, 0
2609, 2258, 2, 0
2610, 2273, 2, 0
2611, 2250, 2, 0
2612, 2239, 2, 0
2613, 2240, 2, 0
2614, 2269, 2, 0
2615, 2290, 2, 0
2616, 2267, 2, 0
2617, 2283, 2, 0
2618, 2241, 2, 0
2619, 2293, 2, 0
2620, 2243, 2, 0
2621, 2251, 2, 0
2622, 2298, 2, 0
2623, 2269, 2, 0
2624, 2244, 2, 0
2625, 2233, 2, 0
2626, 2266, 2, 0
2627, 2155, 2, 0
2628, 2260, 2, 0
2629, 2238, 2, 0
2630, 2267, 2, 0
2631, 2256, 2, 0
2632, 2208, 2, 0
2633, 2212, 2, 0
2634, 2231, 2, 0
2635, 2160, 2, 0
2636, 2317, 2, 0
2637, 2211, 2, 0
2638, 2205, 2, 0
2639, 2215, 2, 0
2640, 2199, 2, 0
2641, 2242, 2, 0
2642, 2202, 2, 0
2643, 2201, 2, 0
2644, 2203, 2, 0
2645, 2230, 2, 0
2646, 2204, 2, 0
2647, 2204, 2, 0
2648, 2191, 2, 0
2649, 2223, 2, 0
2650, 2239, 2, 0
2651, 2225, 2, 0
2652, 2233, 2, 0
2653, 2160, 2, 0
2654, 2202, 2, 0
2655, 2224, 2, 0
2656, 2248, 2, 0
2657, 2254, 2, 0
2658, 2230, 2, 0
2659, 2249, 2, 0
2660, 2213, 2, 0
2661, 2235, 2, 0
2662, 2332, 2, 0
2663, 2210, 2, 0
2664, 2202, 2, 0
2665, 2214, 2, 0
2666, 2215, 2, 0
2667, 2220, 2, 0
2668, 2215, 2, 0
2669, 2209, 2, 0
2670, 2194, 2, 0
2671, 2212, 2, 0
2672, 2193, 2, 0
2673, 2198, 2, 0
2674, 2221, 2, 0
2675, 2224, 2, 0
2676, 2201, 2, 0
2677, 2204, 2, 0
2678, 2213, 2, 0
2679, 2200, 2, 0
2680, 2184, 2, 0
2681, 2176, 2, 0
2682, 2215, 2, 0
2683, 2235, 2, 0
2684, 2217, 2, 0
2685, 2209, 2, 0
2686, 2176, 2, 0
2687, 2217, 2, 0
2688, 2181, 2, 0
2689, 2209, 2, 0
2690, 2193, 2, 0
2691, 2170, 2, 0
2692, 2210, 2, 0
2693, 2223, 2, 0
2694, 2222, 2, 0
2695, 2221, 2, 0
2696, 2169, 2, 0
2697, 2182, 2, 0
2698, 2183, 2, 0
2699, 2169, 2, 0
2700, 2214, 2, 0
2701, 2182, 2, 1
2702, 2223, 2, 1
2703, 2242, 2, 1
2704, 2282, 2, 1
2705, 2233, 2, 1
2706, 2207, 2, 1
2707, 2218, 2, 1
2708, 2248, 2, 1
2709, 2248, 2, 1
2710, 2356, 2, 1
2711, 2256, 2, 1
2712, 2255, 2, 1
2713, 2301, 2, 1
2714, 2221, 2, 1
2715, 2269, 2, 1
2716, 2266, 2, 1
2717, 2265, 2, 1
2718, 2248, 2, 1
2719, 2243, 2, 1
2720, 2251, 2, 1
2721, 2243, 2, 1
2722, 2263, 2, 1
2723, 2204, 2, 1
2724, 2226, 2, 1
2725, 2212, 2, 1
2726, 2229, 2, 1
2727, 2241, 2, 1
2728, 2210, 2, 1
2729, 2161, 2, 1
2730, 2176, 2, 1
2731, 2183, 2, 1
2732, 2114, 2, 1
2733, 2198, 2, 1
2734, 2195, 2, 1
2735, 2214, 2, 1
2736, 2192, 2, 1
2737, 2179, 2, 1
2738, 2221, 2, 1
2739, 2203, 2, 1
2740, 2191, 2, 1
2741, 2222, 2, 1
2742, 2239, 2, 1
2743, 2249, 2, 1
2744, 2268, 2, 1
2745, 2256, 2, 1
2746, 2219, 2, 1
2747, 2253, 2, 1
2748, 2294, 2, 1
2749, 2294, 2, 1
2750, 2265, 2, 1
2751, 2296, 2, 1
2752, 2284, 2, 1
2753, 2309, 2, 1
2754, 2293, 2, 1
2755, 2295, 2, 1
2756, 2335, 2, 1
2757, 2276, 2, 1
2758, 2318, 2, 1
2759, 2316, 2, 1
2760, 2313, 2, 1
2761, 2303, 2, 1
2762, 2284, 2, 1
2763, 2312, 2, 1
2764, 2253, 2, 1
2765, 2285, 2, 1
2766, 2269, 2, 1
2767, 2266, 2, 1
2768, 2280, 2, 1
2769, 2272, 2, 1
2770, 2259, 2, 1
2771, 2258, 2, 1
2772, 2285, 2, 1
2773, 2281, 2, 1
2774, 2282, 2, 1
2775, 2247, 2, 1
2776, 2213, 2, 1
2777, 2363, 2, 1
2778, 2254, 2, 1
2779, 2287, 2, 1
2780, 2291, 2, 1
2781, 2286, 2, 1
2782, 2291, 2, 1
2783, 2268, 2, 1
2784, 2313, 2, 1
2785, 2331, 2, 1
2786, 2290, 2, 1
2787, 2284, 2, 1
2788, 2303, 2, 1
2789, 2335, 2, 1
2790, 2334, 2, 1
2791, 2354, 2, 1
2792, 2335, 2, 1
2793, 2335, 2, 1
2794, 2324, 2, 1
2795, 2300, 2, 1
2796, 2329, 2, 1
2797, 2309, 2, 1
2798, 2306, 2, 1
2799, 2348, 2, 1
2800, 2318, 2, 1
2801, 2477, 2, 1
2802, 2303, 2, 1
2803, 2318, 2, 1
2804, 2301, 2, 1
2805, 2303, 2, 1
2806, 2337, 2, 1
2807, 2315, 2, 1
2808, 2304, 2, 1
2809, 2335, 2, 1
2810, 2301, 2, 1
2811, 2307, 2, 1
2812, 2329, 2, 1
2813, 2337, 2, 1
2814, 2321, 2, 1
2815, 2343, 2, 1
2816, 2314, 2, 1
2817, 2327, 2, 1
2818, 2314, 2, 1
2819, 2314, 2, 1
2820, 2275, 2, 1
2821, 2191, 2, 1
2822, 2317, 2, 1
2823, 2352, 2, 1
2824, 2332, 2, 1
2825, 2316, 2, 1
2826, 2332, 2, 1
2827, 2345, 2, 1
2828, 2358, 2, 1
2829, 2360, 2, 1
2830, 2350, 2, 1
2831, 2337, 2, 1
2832, 2354, 2, 1
2833, 2349, 2, 1
2834, 2329, 2, 1
2835, 2324, 2, 1
2836, 2349, 2, 1
2837, 2368, 2, 1
2838, 2332, 2, 1
2839, 2327, 2, 1
2840, 2347, 2, 1
2841, 2340, 2, 1
2842, 2332, 2, 1
2843, 2372, 2, 1
2844, 2358, 2, 1
2845, 2342, 2, 1
2846, 2304, 2, 1
2847, 2317, 2, 1
2848, 2324, 2, 1
2849, 2362, 2, 1
2850, 2329, 2, 1
2851, 2305, 2, 0
2852, 2325, 2, 0
2853, 2303, 2, 0
2854, 2282, 2, 0
2855, 2297, 2, 0
2856, 2286, 2, 0
2857, 2280, 2, 0
2858, 2278, 2, 0
2859, 2280, 2, 0
2860, 2264, 2, 0
2861, 2265, 2, 0
2862, 2256, 2, 0
2863, 2294, 2, 0
2864, 2251, 2, 0
2865, 2295, 2, 0
2866, 2314, 2, 0
2867, 2301, 2, 0
2868, 2277, 2, 0
2869, 2296, 2, 0
2870, 2314, 2, 0
2871, 2305, 2, 0
2872, 2284, 2, 0
2873, 2292, 2, 0
2874, 2248, 2, 0
2875, 2369, 2, 0
2876, 2335, 2, 0
2877, 2317, 2, 0
2878, 2368, 2, 0
2879, 2316, 2, 0
2880, 2318, 2, 0
2881, 2319, 2, 0
2882, 2406, 2, 0
2883, 2318, 2, 0
2884, 2311, 2, 0
2885, 2329, 2, 0
2886, 2338, 2, 0
2887, 2302, 2, 0
2888, 2324, 2, 0
2889, 2296, 2, 0
2890, 2320, 2, 0
2891, 2307, 2, 0
2892, 2319, 2, 0
2893, 2295, 2, 0
2894, 2267, 2, 0
2895, 2267, 2, 0
2896, 2127, 2, 0
2897, 2234, 2, 0
2898, 2250, 2, 0
2899, 2240, 2, 0
2900, 2271, 2, 0
2901, 2238, 2, 0
2902, 2257, 2, 0
2903, 2256, 2, 0
2904, 2288, 2, 0
2905, 2248, 2, 0
2906, 2281, 2, 0
2907, 2277, 2, 0
2908, 2240, 2, 0
2909, 2229, 2, 0
2910, 2227, 2, 0
2911, 2244, 2, 0
2912, 2305, 2, 0
2913, 2276, 2, 0
2914, 2266, 2, 0
2915, 2251, 2, 0
2916, 2259, 2, 0
2917, 2231, 2, 0
2918, 2269, 2, 0
2919, 2237, 2, 0
2920, 2231, 2, 0
2921, 2248, 2, 0
2922, 2274, 2, 0
2923, 2261, 2, 0
2924, 2286, 2, 0
2925, 2226, 2, 0
2926, 2254, 2, 0
2927, 2234, 2, 0
2928, 2235, 2, 0
2929, 2240, 2, 0
2930, 2252, 2, 0
2931, 2244, 2, 0
2932, 2272, 2, 0
2933, 2258, 2, 0
2934, 2234, 2, 0
2935, 2255, 2, 0
2936, 2213, 2, 0
2937, 2238, 2, 0
2938, 2230, 2, 0
2939, 2240, 2, 0
2940, 2206, 2, 0
2941, 2179, 2, 0
2942, 2252, 2, 0
2943, 2234, 2, 0
2944, 2244, 2, 0
2945, 2241, 2, 0
2946, 2210, 2, 0
2947, 2235, 2, 0
2948, 2208, 2, 0
2949, 2229, 2, 0
2950, 2233, 2, 0
2951, 2175, 2, 0
2952, 2269, 2, 0
2953, 2234, 2, 0
2954, 2209, 2, 0
2955, 2223, 2, 0
2956, 2235, 2, 0
2957, 2243, 2, 0
2958, 2245, 2, 0
2959, 2369, 2, 0
2960, 2261, 2, 0
2961, 2204, 2, 0
2962, 2223, 2, 0
2963, 2229, 2, 0
2964, 2212, 2, 0
2965, 2232, 2, 0
2966, 2189, 2, 0
2967, 2229, 2, 0
2968, 2218, 2, 0
2969, 2210, 2, 0
2970, 2194, 2, 0
2971, 2224, 2, 0
2972, 2228, 2, 0
2973, 2236, 2, 0
2974, 2223, 2, 0
2975, 2222, 2, 0
2976, 2197, 2, 0
2977, 2206, 2, 0
2978, 2205, 2, 0
2979, 2192, 2, 0
2980, 2190, 2, 0
2981, 2189, 2, 0
2982, 2170, 2, 0
2983, 2247, 2, 0
2984, 2217, 2, 0
2985, 2208, 2, 0
2986, 2194, 2, 0
2987, 2206, 2, 0
2988, 2180, 2, 0
2989, 2174, 2, 0
2990, 2193, 2, 0
2991, 2199, 2, 0
2992, 2346, 2, 0
2993, 2182, 2, 0
2994, 2187, 2, 0
2995, 2196, 2, 0
2996, 2231, 2, 0
2997, 2202, 2, 0
2998, 2203, 2, 0
2999, 2187, 2, 0
3000, 2215, 2, 0
3001, 2197, 2, 0
3002, 2234, 2, 1
3003, 2252, 2, 1
3004, 2292, 2, 1
3005, 2236, 2, 1
3006, 2202, 2, 1
3007, 2234, 2, 1
3008, 2265, 2, 1
3009, 2295, 2, 1
3010, 2252, 2, 1
3011, 2264, 2, 1
3012, 2223, 2, 1
3013, 2294, 2, 1
3014, 2286, 2, 1
3015, 2291, 2, 1
3016, 2247, 2, 1
3017, 2277, 2, 1
3018, 2232, 2, 1
3019, 2318, 2, 1
3020, 2203, 2, 1
3021, 2213, 2, 1
3022, 2223, 2, 1
3023, 2234, 2, 1
3024, 2187, 2, 1
3025, 2234, 2, 1
3026, 2209, 2, 1
3027, 2190, 2, 1
3028, 2199, 2, 1
3029, 2211, 2, 1
3030, 2167, 2, 1
3031, 2198, 2, 1
3032, 2185, 2, 1
3033, 2216, 2, 1
3034, 2221, 2, 1
3035, 2169, 2, 1
3036, 2215, 2, 1
3037, 2232, 2, 1
3038, 2197, 2, 1
3039, 2132, 2, 1
3040, 2212, 2, 1
3041, 2228, 2, 1
3042, 2201, 2, 1
3043, 2244, 2, 1
3044, 2240, 2, 1
3045, 2247, 2, 1
3046, 2276, 2, 1
3047, 2289, 2, 1
3048, 2269, 2, 1
3049, 2310, 2, 1
3050, 2298, 2, 1
3051, 2297, 2, 1
3052, 2240, 2, 1
3053, 2283, 2, 1
3054, 2293, 2, 1
3055, 2322, 2, 1
3056, 2337, 2, 1
3057, 2283, 2, 1
3058, 2276, 2, 1
3059, 2318, 2, 1
3060, 2303, 2, 1
3061, 2279, 2, 1
3062, 2274, 2, 1
3063, 2300, 2, 1
3064, 2295, 2, 1
3065, 2297, 2, 1
3066, 2253, 2, 1
3067, 2283, 2, 1
3068, 2288, 2, 1
3069, 2271, 2, 1
3070, 2268, 2, 1
3071, 2239, 2, 1
3072, 2245, 2, 1
3073, 2269, 2, 1
3074, 2329, 2, 1
3075, 2239, 2, 1
3076, 2285, 2, 1
3077, 2269, 2, 1
3078, 2309, 2, 1
3079, 2327, 2, 1
3080, 2292, 2, 1
3081, 2252, 2, 1
3082, 2258, 2, 1
3083, 2297, 2, 1
3084, 2281, 2, 1
3085, 2301, 2, 1
3086, 2270, 2, 1
3087, 2290, 2, 1
3088, 2297, 2, 1
3089, 2336, 2, 1
3090, 2306, 2, 1
3091, 2326, 2, 1
3092, 2301, 2, 1
3093, 2298, 2, 1
3094, 2338, 2, 1
3095, 2316, 2, 1
3096, 2349, 2, 1
3097, 2335, 2, 1
3098, 2333, 2, 1
3099, 2295, 2, 1
3100, 2303, 2, 1
3101, 2335, 2, 1
3102, 2345, 2, 1
3103, 2349, 2, 1
3104, 2320, 2, 1
3105, 2300, 2, 1
3106, 2329, 2, 1
3107, 2309, 2, 1
3108, 2304, 2, 1
3109, 2328, 2, 1
3110, 2311, 2, 1
3111, 2344, 2, 1
3112, 2297, 2, 1
3113, 2304, 2, 1
3114, 2339, 2, 1
3115, 2335, 2, 1
3116, 2305, 2, 1
3117, 2343, 2, 1
3118, 2328, 2, 1
3119, 2346, 2, 1
3120, 2338, 2, 1
3121, 2315, 2, 1
3122, 2327, 2, 1
3123, 2349, 2, 1
3124, 2334, 2, 1
3125, 2311, 2, 1
3126, 2314, 2, 1
3127, 2359, 2, 1
3128, 2333, 2, 1
3129, 2367, 2, 1
3130, 2202, 2, 1
3131, 2398, 2, 1
3132, 2333, 2, 1
3133, 2330, 2, 1
3134, 2333, 2, 1
3135, 2344, 2, 1
3136, 2335, 2, 1
3137, 2321, 2, 1
3138, 2332, 2, 1
3139, 2352, 2, 1
3140, 2375, 2, 1
3141, 2340, 2, 1
3142, 2342, 2, 1
3143, 2336, 2, 1
3144, 2317, 2, 1
3145, 2310, 2, 1
3146, 2357, 2, 1
3147, 2335, 2, 1
3148, 2338, 2, 1
3149, 2318, 2, 1
3150, 2341, 2, 1
3151, 2340, 2, 1
3152, 2355, 2, 0
3153, 2272, 2, 0
3154, 2250, 2, 0
3155, 2293, 2, 0
3156, 2311, 2, 0
3157, 2293, 2, 0
3158, 2303, 2, 0
3159, 2275, 2, 0
3160, 2253, 2, 0
3161, 2300, 2, 0
3162, 2257, 2, 0
3163, 2246, 2, 0
3164, 2240, 2, 0
3165, 2246, 2, 0
3166, 2290, 2, 0
3167, 2311, 2, 0
3168, 2519, 2, 0
3169, 2334, 2, 0
3170, 2262, 2, 0
3171, 2276, 2, 0
3172, 2329, 2, 0
3173, 2335, 2, 0
3174, 2318, 2, 0
3175, 2347, 2, 0
3176, 2309, 2, 0
3177, 2340, 2, 0
3178, 2309, 2, 0
3179, 2351, 2, 0
3180, 2356, 2, 0
3181, 2312, 2, 0
3182, 2251, 2, 0
3183, 2365, 2, 0
3184, 2352, 2, 0
3185, 2329, 2, 0
3186, 2325, 2, 0
3187, 2317, 2, 0
3188, 2326, 2, 0
3189, 2292, 2, 0
3190, 2308, 2, 0
3191, 2316, 2, 0
3192, 2302, 2, 0
3193, 2327, 2, 0
3194, 2272, 2, 0
3195, 2261, 2, 0
3196, 2127, 2, 0
3197, 2270, 2, 0
3198, 2280, 2, 0
3199, 2263, 2, 0
3200, 2258, 2, 0
3201, 2281, 2, 0
3202, 2250, 2, 0
3203, 2238, 2, 0
3204, 2281, 2, 0
3205, 2293, 2, 0
3206, 2250, 2, 0
3207, 2235, 2, 0
3208, 2283, 2, 0
3209, 2225, 2, 0
3210, 2297, 2, 0
3211, 2258, 2, 0
3212, 2237, 2, 0
3213, 2240, 2, 0
3214, 2273, 2, 0
3215, 2278, 2, 0
3216, 2282, 2, 0
3217, 2173, 2, 0
3218, 2379, 2, 0
3219, 2269, 2, 0
3220, 2286, 2, 0
3221, 2276, 2, 0
3222, 2244, 2, 0
3223, 2257, 2, 0
3224, 2254, 2, 0
3225, 2230, 2, 0
3226, 2350, 2, 0
3227, 2236, 2, 0
3228, 2232, 2, 0
3229, 2275, 2, 0
3230, 2250, 2, 0
3231, 2225, 2, 0
3232, 2250, 2, 0
3233, 2234, 2, 0
3234, 2263, 2, 0
3235, 2260, 2, 0
3236, 2225, 2, 0
3237, 2223, 2, 0
3238, 2233, 2, 0
3239, 2218, 2, 0
3240, 2201, 2, 0
3241, 2198, 2, 0
3242, 2143, 2, 0
3243, 2258, 2, 0
3244, 2224, 2, 0
3245, 2244, 2, 0
3246, 2217, 2, 0
3247, 2228, 2, 0
3248, 2244, 2, 0
3249, 2237, 2, 0
3250, 2224, 2, 0
3251, 2210, 2, 0
3252, 2224, 2, 0
3253, 2273, 2, 0
3254, 2208, 2, 0
3255, 2216, 2, 0
3256, 2234, 2, 0
3257, 2246, 2, 0
3258, 2218, 2, 0
3259, 2214, 2, 0
3260, 2234, 2, 0
3261, 2223, 2, 0
3262, 2267, 2, 0
3263, 2206, 2, 0
3264, 2224, 2, 0
3265, 2195, 2, 0
3266, 2224, 2, 0
3267, 2205, 2, 0
3268, 2231, 2, 0
3269, 2210, 2, 0
3270, 2208, 2, 0
3271, 2192, 2, 0
3272, 2209, 2, 0
3273, 2194, 2, 0
3274, 2163, 2, 0
3275, 2228, 2, 0
3276, 2188, 2, 0
3277, 2213, 2, 0
3278, 2225, 2, 0
3279, 2194, 2, 0
3280, 2219, 2, 0
3281, 2219, 2, 0
3282, 2184, 2, 0
3283, 2201, 2, 0
3284, 2084, 2, 0
3285, 2239, 2, 0
3286, 2211, 2, 0
3287, 2195, 2, 0
3288, 2221, 2, 0
3289, 2215, 2, 0
3290, 2185, 2, 0
3291, 2186, 2, 0
3292, 2177, 2, 0
3293, 2177, 2, 0
3294, 2173, 2, 0
3295, 2164, 2, 0
3296, 2206, 2, 0
3297, 2197, 2, 0
3298, 2250, 2, 0
3299, 2226, 2, 0
3300, 2203, 2, 0
3301, 2184, 2, 0
3302, 2187, 2, 1
3303, 2264, 2, 1
3304, 2273, 2, 1
3305, 2246, 2, 1
3306, 2248, 2, 1
3307, 2212, 2, 1
3308, 2252, 2, 1
3309, 2286, 2, 1
3310, 2270, 2, 1
3311, 2237, 2, 1
3312, 2237, 2, 1
3313, 2215, 2, 1
3314, 2306, 2, 1
3315, 2288, 2, 1
3316, 2290, 2, 1
3317, 2277, 2, 1
3318, 2266, 2, 1
3319, 2237, 2, 1
3320, 2257, 2, 1
3321, 2274, 2, 1
3322, 2253, 2, 1
3323, 2245, 2, 1
3324, 2238, 2, 1
3325, 2216, 2, 1
3326, 2147, 2, 1
3327, 2232, 2, 1
3328, 2182, 2, 1
3329, 2256, 2, 1
3330, 2172, 2, 1
3331, 2229, 2, 1
3332, 2204, 2, 1
3333, 2194, 2, 1
3334, 2180, 2, 1
3335, 2200, 2, 1
3336, 2177, 2, 1
3337, 2231, 2, 1
3338, 2190, 2, 1
3339, 2221, 2, 1
3340, 2225, 2, 1
3341, 2238, 2, 1
3342, 2219, 2, 1
3343, 2269, 2, 1
3344, 2228, 2, 1
3345, 2246, 2, 1
3346, 2239, 2, 1
3347, 2245, 2, 1
3348, 2273, 2, 1
3349, 2269, 2, 1
3350, 2286, 2, 1
3351, 2314, 2, 1
3352, 2287, 2, 1
3353, 2319, 2, 1
3354, 2317, 2, 1
3355, 2309, 2, 1
3356, 2314, 2, 1
3357, 2281, 2, 1
3358, 2281, 2, 1
3359, 2277, 2, 1
3360, 2313, 2, 1
3361, 2295, 2, 1
3362, 2303, 2, 1
3363, 2321, 2, 1
3364, 2290, 2, 1
3365, 2275, 2, 1
3366, 2261, 2, 1
3367, 2289, 2, 1
3368, 2288, 2, 1
3369, 2296, 2, 1
3370, 2210, 2, 1
3371, 2244, 2, 1
3372, 2332, 2, 1
3373, 2290, 2, 1
3374, 2262, 2, 1
3375, 2290, 2, 1
3376, 2277, 2, 1
3377, 2253, 2, 1
3378, 2272, 2, 1
3379, 2303, 2, 1
3380, 2270, 2, 1
3381, 2248, 2, 1
3382, 2219, 2, 1
3383, 2316, 2, 1
3384, 2288, 2, 1
3385, 2292, 2, 1
3386, 2289, 2, 1
3387, 2290, 2, 1
3388, 2295, 2, 1
3389, 2315, 2, 1
3390, 2300, 2, 1
3391, 2337, 2, 1
3392, 2307, 2, 1
3393, 2147, 2, 1
3394, 2336, 2, 1
3395, 2321, 2, 1
3396, 2357, 2, 1
3397, 2309, 2, 1
3398, 2311, 2, 1
3399, 2303, 2, 1
3400, 2300, 2, 1
3401, 2346, 2, 1
3402, 2313, 2, 1
3403, 2307, 2, 1
3404, 2334, 2, 1
3405, 2320, 2, 1
3406, 2350, 2, 1
3407, 2285, 2, 1
3408, 2296, 2, 1
3409, 2336, 2, 1
3410, 2346, 2, 1
3411, 2299, 2, 1
3412, 2295, 2, 1
3413, 2329, 2, 1
3414, 2307, 2, 1
3415, 2305, 2, 1
3416, 2359, 2, 1
3417, 2271, 2, 1
3418, 2409, 2, 1
3419, 2328, 2, 1
3420, 2321, 2, 1
3421, 2328, 2, 1
3422, 2355, 2, 1
3423, 2349, 2, 1
3424, 2334, 2, 1
3425, 2323, 2, 1
3426, 2335, 2, 1
3427, 2359, 2, 1
3428, 2327, 2, 1
3429, 2351, 2, 1
3430, 2338, 2, 1
3431, 2332, 2, 1
3432, 2363, 2, 1
3433, 2363, 2, 1
3434, 2321, 2, 1
3435, 2362, 2, 1
3436, 2363, 2, 1
3437, 2361, 2, 1
3438, 2340, 2, 1
3439, 2334, 2, 1
3440, 2361, 2, 1
3441, 2322, 2, 1
3442, 2368, 2, 1
3443, 2346, 2, 1
3444, 2344, 2, 1
3445, 2343, 2, 1
3446, 2333, 2, 1
3447, 2322, 2, 1
3448, 2322, 2, 1
3449, 2326, 2, 1
3450, 2324, 2, 1
3451, 2316, 2, 1
3452, 2316, 2, 0
3453, 2303, 2, 0
3454, 2267, 2, 0
3455, 2315, 2, 0
3456, 2326, 2, 0
3457, 2299, 2, 0
3458, 2278, 2, 0
3459, 2284, 2, 0
3460, 2261, 2, 0
3461, 2301, 2, 0
3462, 2256, 2, 0
3463, 2260, 2, 0
3464, 2279, 2, 0
3465, 2250, 2, 0
3466, 2260, 2, 0
3467, 2294, 2, 0
3468, 2283, 2, 0
3469, 2280, 2, 0
3470, 2290, 2, 0
3471, 2276, 2, 0
3472, 2296, 2, 0
3473, 2296, 2, 0
3474, 2330, 2, 0
3475, 2427, 2, 0
3476, 2302, 2, 0
3477, 2336, 2, 0
3478, 2282, 2, 0
3479, 2336, 2, 0
3480, 2367, 2, 0
3481, 2353, 2, 0
3482, 2373, 2, 0
3483, 2338, 2, 0
3484, 2310, 2, 0
3485, 2344, 2, 0
3486, 2354, 2, 0
3487, 2320, 2, 0
3488, 2336, 2, 0
3489, 2294, 2, 0
3490, 2320, 2, 0
3491, 2293, 2, 0
3492, 2348, 2, 0
3493, 2304, 2, 0
3494, 2281, 2, 0
3495, 2268, 2, 0
3496, 2302, 2, 0
3497, 2274, 2, 0
3498, 2278, 2, 0
3499, 2256, 2, 0
3500, 2267, 2, 0
3501, 2268, 2, 0
3502, 2227, 2, 0
3503, 2297, 2, 0
3504, 2279, 2, 0
3505, 2279, 2, 0
3506, 2237, 2, 0
3507, 2276, 2, 0
3508, 2289, 2, 0
3509, 2242, 2, 0
3510, 2242, 2, 0
3511, 2268, 2, 0
3512, 2249, 2, 0
3513, 2222, 2, 0
3514, 2270, 2, 0
3515, 2242, 2, 0
3516, 2238, 2, 0
3517, 2296, 2, 0
3518, 2262, 2, 0
3519, 2259, 2, 0
3520, 2244, 2, 0
3521, 2267, 2, 0
3522, 2234, 2, 0
3523, 2261, 2, 0
3524, 2307, 2, 0
3525, 2252, 2, 0
3526, 2225, 2, 0
3527, 2233, 2, 0
3528, 2254, 2, 0
3529, 2248, 2, 0
3530, 2228, 2, 0
3531, 2251, 2, 0
3532, 2067, 2, 0
3533, 2140, 2, 0
3534, 2246, 2, 0
3535, 2219, 2, 0
3536, 2233, 2, 0
3537, 2219, 2, 0
3538, 2251, 2, 0
3539, 2238, 2, 0
3540, 2226, 2, 0
3541, 2239, 2, 0
3542, 2236, 2, 0
3543, 2228, 2, 0
3544, 2198, 2, 0
3545, 2200, 2, 0
3546, 2232, 2, 0
3547, 2239, 2, 0
3548, 2238, 2, 0
3549, 2197, 2, 0
3550, 2226, 2, 0
3551, 2233, 2, 0
3552, 2230, 2, 0
3553, 2203, 2, 0
3554, 2226, 2, 0
3555, 2237, 2, 0
3556, 2219, 2, 0
3557, 2206, 2, 0
3558, 2239, 2, 0
3559, 2220, 2, 0
3560, 2243, 2, 0
3561, 2219, 2, 0
3562, 2213, 2, 0
3563, 2231, 2, 0
3564, 2237, 2, 0
3565, 2228, 2, 0
3566, 2236, 2, 0
3567, 2232, 2, 0
3568, 2202, 2, 0
3569, 2229, 2, 0
3570, 2207, 2, 0
3571, 2197, 2, 0
3572, 2230, 2, 0
3573, 2209, 2, 0
3574, 2209, 2, 0
3575, 2270, 2, 0
3576, 2195, 2, 0
3577, 2217, 2, 0
3578, 2175, 2, 0
3579, 2191, 2, 0
3580, 2213, 2, 0
3581, 2223, 2, 0
3582, 2202, 2, 0
3583, 2191, 2, 0
3584, 2209, 2, 0
3585, 2177, 2, 0
3586, 2208, 2, 0
3587, 2238, 2, 0
3588, 2187, 2, 0
3589, 2200, 2, 0
3590, 2166, 2, 0
3591, 2205, 2, 0
3592, 2195, 2, 0
3593, 2197, 2, 0
3594, 2168, 2, 0
3595, 2209, 2, 0
3596, 2183, 2, 0
3597, 2176, 2, 0
3598, 2205, 2, 0
3599, 2200, 2, 0
3600, 2207, 2, 0
3601, 2180, 2, 0
3602, 2217, 2, 1
3603, 2223, 2, 1
3604, 2238, 2, 1
3605, 2244, 2, 1
3606, 2234, 2, 1
3607, 2234, 2, 1
3608, 2256, 2, 1
3609, 2269, 2, 1
3610, 2273, 2, 1
3611, 2218, 2, 1
3612, 2115, 2, 1
3613, 2292, 2, 1
3614, 2280, 2, 1
3615, 2282, 2, 1
3616, 2281, 2, 1
3617, 2241, 2, 1
3618, 2229, 2, 1
3619, 2259, 2, 1
3620, 2276, 2, 1
3621, 2230, 2, 1
3622, 2228, 2, 1
3623, 2236, 2, 1
3624, 2212, 2, 1
3625, 2236, 2, 1
3626, 2241, 2, 1
3627, 2194, 2, 1
3628, 2228, 2, 1
3629, 2226, 2, 1
3630, 2205, 2, 1
3631, 2192, 2, 1
3632, 2218, 2, 1
3633, 2263, 2, 1
3634, 2173, 2, 1
3635, 2169, 2, 1
3636, 2171, 2, 1
3637, 2217, 2, 1
3638, 2203, 2, 1
3639, 2228, 2, 1
3640, 2219, 2, 1
3641, 2207, 2, 1
3642, 2182, 2, 1
3643, 2263, 2, 1
3644, 2262, 2, 1
3645, 2277, 2, 1
3646, 2317, 2, 1
3647, 2344, 2, 1
3648, 2262, 2, 1
3649, 2295, 2, 1
3650, 2294, 2, 1
3651, 2255, 2, 1
3652, 2300, 2, 1
3653, 2322, 2, 1
3654, 2284, 2, 1
3655, 2302, 2, 1
3656, 2286, 2, 1
3657, 2297, 2, 1
3658, 2298, 2, 1
3659, 2290, 2, 1
3660, 2323, 2, 1
3661, 2319, 2, 1
3662, 2336, 2, 1
3663, 2278, 2, 1
3664, 2307, 2, 1
3665, 2300, 2, 1
3666, 2271, 2, 1
3667, 2288, 2, 1
3668, 2286, 2, 1
3669, 2288, 2, 1
3670, 2248, 2, 1
3671, 2276, 2, 1
3672, 2307, 2, 1
3673, 2275, 2, 1
3674, 2247, 2, 1
3675, 2257, 2, 1
3676, 2254, 2, 1
3677, 2251, 2, 1
3678, 2258, 2, 1
3679, 2281, 2, 1
3680, 2266, 2, 1
3681, 2253, 2, 1
3682, 2262, 2, 1
3683, 2269, 2, 1
3684, 2331, 2, 1
3685, 2290, 2, 1
3686, 2299, 2, 1
3687, 2294, 2, 1
3688, 2299, 2, 1
3689, 2336, 2, 1
3690, 2307, 2, 1
3691, 2303, 2, 1
3692, 2333, 2, 1
3693, 2326, 2, 1
3694, 2367, 2, 1
3695, 2370, 2, 1
3696, 2345, 2, 1
3697, 2347, 2, 1
3698, 2343, 2, 1
3699, 2328, 2, 1
3700, 2344, 2, 1
3701, 2345, 2, 1
3702, 2339, 2, 1
3703, 2349, 2, 1
3704, 2303, 2, 1
3705, 2309, 2, 1
3706, 2273, 2, 1
3707, 2279, 2, 1
3708, 2330, 2, 1
3709, 2339, 2, 1
3710, 2328, 2, 1
3711, 2292, 2, 1
3712, 2316, 2, 1
3713, 2298, 2, 1
3714, 2301, 2, 1
3715, 2298, 2, 1
3716, 2316, 2, 1
3717, 2313, 2, 1
3718, 2280, 2, 1
3719, 2284, 2, 1
3720, 2308, 2, 1
3721, 2337, 2, 1
3722, 2326, 2, 1
3723, 2322, 2, 1
3724, 2346, 2, 1
3725, 2329, 2, 1
3726, 2360, 2, 1
3727, 2365, 2, 1
3728, 2363, 2, 1
3729, 2343, 2, 1
3730, 2292, 2, 1
3731, 2343, 2, 1
3732, 2369, 2, 1
3733, 2353, 2, 1
3734, 2348, 2, 1
3735, 2369, 2, 1
3736, 2361, 2, 1
3737, 2365, 2, 1
3738, 2360, 2, 1
3739, 2376, 2, 1
3740, 2380, 2, 1
3741, 2329, 2, 1
3742, 2325, 2, 1
3743, 2358, 2, 1
3744, 2362, 2, 1
3745, 2320, 2, 1
3746, 2355, 2, 1
3747, 2329, 2, 1
3748, 2315, 2, 1
3749, 2365, 2, 1
3750, 2343, 2, 1
3751, 2380, 2, 1
3752, 2537, 2, 0
3753, 2281, 2, 0
3754, 2300, 2, 0
3755, 2279, 2, 0
3756, 2341, 2, 0
3757, 2334, 2, 0
3758, 2269, 2, 0
3759, 2235, 2, 0
