28, 2697, 3, 1
29, 2721, 3, 1
30, 2710, 3, 1
31, 2706, 3, 1
32, 2713, 3, 1
33, 2682, 3, 1
34, 2716, 3, 1
35, 2714, 3, 1
36, 2685, 3, 1
37, 2700, 3, 1
38, 2681, 3, 1
39, 2715, 3, 1
40, 2723, 3, 1
41, 2695, 3, 1
42, 2688, 3, 1
43, 2683, 3, 1
44, 2720, 3, 1
45, 2733, 3, 1
46, 2703, 3, 1
47, 2682, 3, 1
48, 2687, 3, 1
49, 2684, 3, 1
50, 2687, 3, 1
51, 2679, 3, 1
52, 2702, 3, 1
53, 2704, 3, 1
54, 2716, 3, 1
55, 2718, 3, 1
56, 2718, 3, 1
57, 2706, 3, 1
58, 2698, 3, 1
59, 2714, 3, 1
60, 2728, 3, 1
61, 2730, 3, 1
62, 2700, 3, 1
63, 2690, 3, 1
64, 2688, 3, 1
65, 2711, 3, 1
66, 2692, 3, 1
67, 2721, 3, 1
68, 2712, 3, 1
69, 2714, 3, 1
70, 2700, 3, 1
71, 2718, 3, 1
72, 2707, 3, 1
73, 2719, 3, 1
74, 2692, 3, 1
75, 2731, 3, 1
76, 2705, 3, 0
77, 2685, 3, 0
78, 2731, 3, 0
79, 2715, 3, 0
80, 2733, 3, 0
81, 2707, 3, 0
82, 2692, 3, 0
83, 2717, 3, 0
84, 2714, 3, 0
85, 2689, 3, 0
86, 2734, 3, 0
87, 2681, 3, 0
88, 2685, 3, 0
89, 2734, 3, 0
90, 2717, 3, 0
91, 2690, 3, 0
92, 2731, 3, 0
93, 2705, 3, 0
94, 2707, 3, 0
95, 2722, 3, 0
96, 2733, 3, 0
97, 2697, 3, 0
98, 2717, 3, 0
99, 2685, 3, 0
100, 2727, 3, 0
101, 2731, 3, 0
102, 2710, 3, 0
103, 2698, 3, 0
104, 2709, 3, 0
105, 2684, 3, 0
106, 2715, 3, 0
107, 2695, 3, 0
108, 2685, 3, 0
109, 2702, 3, 0
110, 2728, 3, 0
111, 2701, 3, 0
112, 2705, 3, 0
113, 2692, 3, 0
114, 2718, 3, 0
115, 2724, 3, 0
116, 2693, 3, 0
117, 2701, 3, 0
118, 2705, 3, 0
119, 2685, 3, 0
120, 2726, 3, 0
121, 2718, 3, 0
122, 2688, 3, 0
123, 2688, 3, 0
124, 2722, 3, 0
125, 2687, 3, 0
126, 2716, 3, 0
127, 2684, 3, 0
128, 2693, 3, 0
129, 2691, 3, 0
130, 2712, 3, 0
131, 2721, 3, 0
132, 2681, 3, 0
133, 2698, 3, 0
134, 2686, 3, 0
135, 2731, 3, 0
136, 2723, 3, 0
137, 2701, 3, 0
138, 2686, 3, 0
139, 2697, 3, 0
140, 2686, 3, 0
141, 2682, 3, 0
142, 2695, 3, 0
143, 2690, 3, 0
144, 2693, 3, 0
145, 2729, 3, 0
146, 2683, 3, 0
147, 2708, 3, 0
148, 2728, 3, 0
149, 2679, 3, 0
150, 2718, 3, 0
151, 2693, 3, 1
152, 2687, 3, 1
153, 2721, 3, 1
154, 2721, 3, 1
155, 2702, 3, 1
156, 2698, 3, 1
157, 2699, 3, 1
158, 2723, 3, 1
159, 2729, 3, 1
160, 2719, 3, 1
161, 2697, 3, 1
162, 2683, 3, 1
163, 2712, 3, 1
164, 2707, 3, 1
165, 2679, 3, 1
166, 2692, 3, 1
167, 2723, 3, 1
168, 2682, 3, 1
169, 2704, 3, 1
170, 2692, 3, 1
171, 2716, 3, 1
172, 2714, 3, 1
173, 2687, 3, 1
174, 2678, 3, 1
175, 2686, 3, 1
176, 2696, 3, 1
177, 2732, 3, 1
178, 2688, 3, 1
179, 2693, 3, 1
180, 2703, 3, 1
181, 2695, 3, 1
182, 2689, 3, 1
183, 2706, 3, 1
184, 2697, 3, 1
185, 2728, 3, 1
186, 2715, 3, 1
187, 2681, 3, 1
188, 2683, 3, 1
189, 2708, 3, 1
190, 2690, 3, 1
191, 2729, 3, 1
192, 2699, 3, 1
193, 2704, 3, 1
194, 2699, 3, 1
195, 2701, 3, 1
196, 2696, 3, 1
197, 2729, 3, 1
198, 2685, 3, 1
199, 2692, 3, 1
200, 2718, 3, 1
201, 2718, 3, 1
202, 2716, 3, 1
203, 2687, 3, 1
204, 2725, 3, 1
205, 2684, 3, 1
206, 2697, 3, 1
207, 2707, 3, 1
208, 2687, 3, 1
209, 2698, 3, 1
210, 2700, 3, 1
211, 2702, 3, 1
212, 2705, 3, 1
213, 2693, 3, 1
214, 2716, 3, 1
215, 2689, 3, 1
216, 2690, 3, 1
217, 2734, 3, 1
218, 2689, 3, 1
219, 2724, 3, 1
220, 2694, 3, 1
221, 2731, 3, 1
222, 2697, 3, 1
223, 2709, 3, 1
224, 2705, 3, 1
225, 2697, 3, 1
226, 2716, 3, 0
227, 2726, 3, 0
228, 2698, 3, 0
229, 2727, 3, 0
230, 2685, 3, 0
231, 2731, 3, 0
232, 2696, 3, 0
233, 2722, 3, 0
234, 2686, 3, 0
235, 2681, 3, 0
236, 2734, 3, 0
237, 2704, 3, 0
238, 2687, 3, 0
239, 2683, 3, 0
240, 2721, 3, 0
241, 2690, 3, 0
242, 2735, 3, 0
243, 2702, 3, 0
244, 2681, 3, 0
245, 2691, 3, 0
246, 2726, 3, 0
247, 2739, 3, 0
248, 2727, 3, 0
249, 2696, 3, 0
250, 2679, 3, 0
251, 2704, 3, 0
252, 2707, 3, 0
253, 2712, 3, 0
254, 2733, 3, 0
255, 2720, 3, 0
256, 2727, 3, 0
257, 2724, 3, 0
258, 2729, 3, 0
259, 2696, 3, 0
260, 2701, 3, 0
261, 2707, 3, 0
262, 2689, 3, 0
263, 2721, 3, 0
264, 2708, 3, 0
265, 2698, 3, 0
266, 2714, 3, 0
267, 2732, 3, 0
268, 2730, 3, 0
269, 2689, 3, 0
270, 2709, 3, 0
271, 2730, 3, 0
272, 2708, 3, 0
273, 2723, 3, 0
274, 2695, 3, 0
275, 2687, 3, 0
276, 2700, 3, 0
277, 2727, 3, 0
278, 2708, 3, 0
279, 2687, 3, 0
280, 2690, 3, 0
281, 2681, 3, 0
282, 2692, 3, 0
283, 2689, 3, 0
284, 2717, 3, 0
285, 2688, 3, 0
286, 2713, 3, 0
287, 2699, 3, 0
288, 2700, 3, 0
289, 2696, 3, 0
290, 2709, 3, 0
291, 2678, 3, 0
292, 2723, 3, 0
293, 2720, 3, 0
294, 2734, 3, 0
295, 2682, 3, 0
296, 2701, 3, 0
297, 2736, 3, 0
298, 2701, 3, 0
299, 2695, 3, 0
300, 2676, 3, 0
301, 2692, 3, 1
302, 2717, 3, 1
303, 2679, 3, 1
304, 2696, 3, 1
305, 2704, 3, 1
306, 2699, 3, 1
307, 2724, 3, 1
308, 2723, 3, 1
309, 2704, 3, 1
310, 2697, 3, 1
311, 2728, 3, 1
312, 2730, 3, 1
313, 2698, 3, 1
314, 2682, 3, 1
315, 2682, 3, 1
316, 2690, 3, 1
317, 2680, 3, 1
318, 2715, 3, 1
319, 2686, 3, 1
320, 2698, 3, 1
321, 2709, 3, 1
322, 2694, 3, 1
323, 2720, 3, 1
324, 2716, 3, 1
325, 2692, 3, 1
326, 2683, 3, 1
327, 2692, 3, 1
328, 2702, 3, 1
329, 2717, 3, 1
330, 2682, 3, 1
331, 2729, 3, 1
332, 2700, 3, 1
333, 2688, 3, 1
334, 2697, 3, 1
335, 2711, 3, 1
336, 2706, 3, 1
337, 2693, 3, 1
338, 2718, 3, 1
339, 2694, 3, 1
340, 2701, 3, 1
341, 2738, 3, 1
342, 2706, 3, 1
343, 2717, 3, 1
344, 2696, 3, 1
345, 2723, 3, 1
346, 2710, 3, 1
347, 2681, 3, 1
348, 2688, 3, 1
349, 2729, 3, 1
350, 2701, 3, 1
351, 2730, 3, 1
352, 2684, 3, 1
353, 2713, 3, 1
354, 2729, 3, 1
355, 2718, 3, 1
356, 2717, 3, 1
357, 2684, 3, 1
358, 2681, 3, 1
359, 2700, 3, 1
360, 2701, 3, 1
361, 2728, 3, 1
362, 2687, 3, 1
363, 2728, 3, 1
364, 2722, 3, 1
365, 2730, 3, 1
366, 2726, 3, 1
367, 2686, 3, 1
368, 2712, 3, 1
369, 2729, 3, 1
370, 2697, 3, 1
371, 2695, 3, 1
372, 2718, 3, 1
373, 2722, 3, 1
374, 2689, 3, 1
375, 2689, 3, 1
376, 2717, 3, 0
377, 2687, 3, 0
378, 2725, 3, 0
379, 2730, 3, 0
380, 2724, 3, 0
381, 2681, 3, 0
382, 2731, 3, 0
383, 2728, 3, 0
384, 2682, 3, 0
385, 2703, 3, 0
386, 2686, 3, 0
387, 2705, 3, 0
388, 2730, 3, 0
389, 2721, 3, 0
390, 2709, 3, 0
391, 2729, 3, 0
392, 2687, 3, 0
393, 2720, 3, 0
394, 2725, 3, 0
395, 2728, 3, 0
396, 2686, 3, 0
397, 2694, 3, 0
398, 2687, 3, 0
399, 2702, 3, 0
400, 2733, 3, 0
401, 2717, 3, 0
402, 2699, 3, 0
403, 2683, 3, 0
404, 2730, 3, 0
405, 2712, 3, 0
406, 2727, 3, 0
407, 2718, 3, 0
408, 2692, 3, 0
409, 2685, 3, 0
410, 2683, 3, 0
411, 2714, 3, 0
412, 2730, 3, 0
413, 2712, 3, 0
414, 2733, 3, 0
415, 2700, 3, 0
416, 2710, 3, 0
417, 2728, 3, 0
418, 2701, 3, 0
419, 2697, 3, 0
420, 2687, 3, 0
421, 2687, 3, 0
422, 2718, 3, 0
423, 2682, 3, 0
424, 2679, 3, 0
425, 2685, 3, 0
426, 2687, 3, 0
427, 2702, 3, 0
428, 2711, 3, 0
429, 2685, 3, 0
430, 2703, 3, 0
431, 2691, 3, 0
432, 2681, 3, 0
433, 2686, 3, 0
434, 2708, 3, 0
435, 2728, 3, 0
436, 2720, 3, 0
437, 2715, 3, 0
438, 2689, 3, 0
439, 2694, 3, 0
440, 2725, 3, 0
441, 2700, 3, 0
442, 2690, 3, 0
443, 2724, 3, 0
444, 2698, 3, 0
445, 2691, 3, 0
446, 2702, 3, 0
447, 2687, 3, 0
448, 2701, 3, 0
449, 2689, 3, 0
450, 2728, 3, 0
451, 2686, 3, 1
452, 2685, 3, 1
453, 2685, 3, 1
454, 2729, 3, 1
455, 2690, 3, 1
456, 2683, 3, 1
457, 2715, 3, 1
458, 2683, 3, 1
459, 2725, 3, 1
460, 2696, 3, 1
461, 2705, 3, 1
462, 2719, 3, 1
463, 2729, 3, 1
464, 2692, 3, 1
465, 2727, 3, 1
466, 2711, 3, 1
467, 2728, 3, 1
468, 2730, 3, 1
469, 2733, 3, 1
470, 2681, 3, 1
471, 2712, 3, 1
472, 2714, 3, 1
473, 2696, 3, 1
474, 2700, 3, 1
475, 2682, 3, 1
476, 2690, 3, 1
477, 2686, 3, 1
478, 2684, 3, 1
479, 2690, 3, 1
480, 2686, 3, 1
481, 2692, 3, 1
482, 2735, 3, 1
483, 2720, 3, 1
484, 2727, 3, 1
485, 2708, 3, 1
486, 2733, 3, 1
487, 2729, 3, 1
488, 2683, 3, 1
489, 2681, 3, 1
490, 2687, 3, 1
491, 2691, 3, 1
492, 2686, 3, 1
493, 2686, 3, 1
494, 2720, 3, 1
495, 2718, 3, 1
496, 2697, 3, 1
497, 2680, 3, 1
498, 2708, 3, 1
499, 2689, 3, 1
500, 2730, 3, 1
501, 2731, 3, 1
502, 2673, 3, 1
503, 2681, 3, 1
504, 2728, 3, 1
505, 2678, 3, 1
506, 2725, 3, 1
507, 2684, 3, 1
508, 2688, 3, 1
509, 2686, 3, 1
510, 2691, 3, 1
511, 2702, 3, 1
512, 2711, 3, 1
513, 2687, 3, 1
514, 2682, 3, 1
515, 2703, 3, 1
516, 2699, 3, 1
517, 2684, 3, 1
518, 2709, 3, 1
519, 2726, 3, 1
520, 2695, 3, 1
521, 2731, 3, 1
522, 2711, 3, 1
523, 2696, 3, 1
524, 2724, 3, 1
525, 2726, 3, 1
526, 2680, 3, 0
527, 2686, 3, 0
528, 2717, 3, 0
529, 2733, 3, 0
530, 2697, 3, 0
531, 2723, 3, 0
532, 2704, 3, 0
533, 2698, 3, 0
534, 2683, 3, 0
535, 2720, 3, 0
536, 2711, 3, 0
537, 2692, 3, 0
538, 2699, 3, 0
539, 2686, 3, 0
540, 2701, 3, 0
541, 2685, 3, 0
542, 2729, 3, 0
543, 2709, 3, 0
544, 2711, 3, 0
545, 2696, 3, 0
546, 2724, 3, 0
547, 2689, 3, 0
548, 2707, 3, 0
549, 2713, 3, 0
550, 2735, 3, 0
551, 2686, 3, 0
552, 2713, 3, 0
553, 2692, 3, 0
554, 2719, 3, 0
555, 2730, 3, 0
556, 2700, 3, 0
557, 2716, 3, 0
558, 2684, 3, 0
559, 2730, 3, 0
560, 2701, 3, 0
561, 2683, 3, 0
562, 2714, 3, 0
563, 2707, 3, 0
564, 2728, 3, 0
565, 2696, 3, 0
566, 2722, 3, 0
567, 2679, 3, 0
568, 2724, 3, 0
569, 2731, 3, 0
570, 2725, 3, 0
571, 2691, 3, 0
572, 2711, 3, 0
573, 2703, 3, 0
574, 2701, 3, 0
575, 2709, 3, 0
576, 2707, 3, 0
577, 2693, 3, 0
578, 2689, 3, 0
579, 2722, 3, 0
580, 2689, 3, 0
581, 2728, 3, 0
582, 2726, 3, 0
583, 2684, 3, 0
584, 2683, 3, 0
585, 2686, 3, 0
586, 2690, 3, 0
587, 2691, 3, 0
588, 2730, 3, 0
589, 2683, 3, 0
590, 2729, 3, 0
591, 2699, 3, 0
592, 2716, 3, 0
593, 2727, 3, 0
594, 2692, 3, 0
595, 2685, 3, 0
596, 2702, 3, 0
597, 2713, 3, 0
598, 2730, 3, 0
599, 2691, 3, 0
600, 2726, 3, 0
601, 2682, 3, 1
602, 2733, 3, 1
603, 2727, 3, 1
604, 2681, 3, 1
605, 2717, 3, 1
606, 2691, 3, 1
607, 2730, 3, 1
608, 2727, 3, 1
609, 2700, 3, 1
610, 2734, 3, 1
611, 2688, 3, 1
612, 2728, 3, 1
613, 2722, 3, 1
614, 2725, 3, 1
615, 2711, 3, 1
616, 2680, 3, 1
617, 2703, 3, 1
618, 2736, 3, 1
619, 2693, 3, 1
620, 2702, 3, 1
621, 2689, 3, 1
622, 2683, 3, 1
623, 2681, 3, 1
624, 2682, 3, 1
625, 2731, 3, 1
626, 2729, 3, 1
627, 2684, 3, 1
628, 2711, 3, 1
629, 2714, 3, 1
630, 2680, 3, 1
631, 2717, 3, 1
632, 2730, 3, 1
633, 2696, 3, 1
634, 2697, 3, 1
635, 2731, 3, 1
636, 2688, 3, 1
637, 2710, 3, 1
638, 2729, 3, 1
639, 2682, 3, 1
640, 2727, 3, 1
641, 2688, 3, 1
642, 2720, 3, 1
643, 2711, 3, 1
644, 2710, 3, 1
645, 2726, 3, 1
646, 2720, 3, 1
647, 2714, 3, 1
648, 2693, 3, 1
649, 2729, 3, 1
650, 2714, 3, 1
651, 2683, 3, 1
652, 2702, 3, 1
653, 2715, 3, 1
654, 2732, 3, 1
655, 2694, 3, 1
656, 2701, 3, 1
657, 2720, 3, 1
658, 2731, 3, 1
659, 2716, 3, 1
660, 2721, 3, 1
661, 2692, 3, 1
662, 2730, 3, 1
663, 2738, 3, 1
664, 2701, 3, 1
665, 2680, 3, 1
666, 2729, 3, 1
667, 2727, 3, 1
668, 2713, 3, 1
669, 2689, 3, 1
670, 2691, 3, 1
671, 2722, 3, 1
672, 2714, 3, 1
673, 2720, 3, 1
674, 2681, 3, 1
675, 2714, 3, 1
676, 2717, 3, 0
677, 2728, 3, 0
678, 2699, 3, 0
679, 2688, 3, 0
680, 2696, 3, 0
681, 2715, 3, 0
682, 2709, 3, 0
683, 2719, 3, 0
684, 2722, 3, 0
685, 2692, 3, 0
686, 2688, 3, 0
687, 2726, 3, 0
688, 2686, 3, 0
689, 2702, 3, 0
690, 2686, 3, 0
691, 2727, 3, 0
692, 2721, 3, 0
693, 2726, 3, 0
694, 2689, 3, 0
695, 2726, 3, 0
696, 2693, 3, 0
697, 2725, 3, 0
698, 2717, 3, 0
699, 2688, 3, 0
700, 2695, 3, 0
701, 2696, 3, 0
702, 2681, 3, 0
703, 2690, 3, 0
704, 2696, 3, 0
705, 2717, 3, 0
706, 2724, 3, 0
707, 2716, 3, 0
708, 2712, 3, 0
709, 2685, 3, 0
710, 2717, 3, 0
711, 2682, 3, 0
712, 2729, 3, 0
713, 2725, 3, 0
714, 2699, 3, 0
715, 2706, 3, 0
716, 2685, 3, 0
717, 2730, 3, 0
718, 2690, 3, 0
719, 2699, 3, 0
720, 2681, 3, 0
721, 2718, 3, 0
722, 2715, 3, 0
723, 2714, 3, 0
724, 2728, 3, 0
725, 2690, 3, 0
726, 2690, 3, 0
727, 2719, 3, 0
728, 2725, 3, 0
729, 2727, 3, 0
730, 2726, 3, 0
731, 2690, 3, 0
732, 2691, 3, 0
733, 2718, 3, 0
734, 2696, 3, 0
735, 2684, 3, 0
736, 2685, 3, 0
737, 2684, 3, 0
738, 2716, 3, 0
739, 2727, 3, 0
740, 2701, 3, 0
741, 2723, 3, 0
742, 2732, 3, 0
743, 2694, 3, 0
744, 2690, 3, 0
745, 2723, 3, 0
746, 2704, 3, 0
747, 2689, 3, 0
748, 2683, 3, 0
749, 2701, 3, 0
750, 2685, 3, 0
751, 2688, 3, 1
752, 2706, 3, 1
753, 2685, 3, 1
754, 2706, 3, 1
755, 2687, 3, 1
756, 2698, 3, 1
757, 2730, 3, 1
758, 2712, 3, 1
759, 2730, 3, 1
760, 2711, 3, 1
761, 2729, 3, 1
762, 2709, 3, 1
763, 2686, 3, 1
764, 2685, 3, 1
765, 2701, 3, 1
766, 2729, 3, 1
767, 2705, 3, 1
768, 2721, 3, 1
769, 2719, 3, 1
770, 2682, 3, 1
771, 2690, 3, 1
772, 2728, 3, 1
773, 2726, 3, 1
774, 2729, 3, 1
775, 2701, 3, 1
776, 2684, 3, 1
777, 2684, 3, 1
778, 2728, 3, 1
779, 2687, 3, 1
780, 2728, 3, 1
781, 2731, 3, 1
782, 2685, 3, 1
783, 2682, 3, 1
784, 2682, 3, 1
785, 2704, 3, 1
786, 2721, 3, 1
787, 2704, 3, 1
788, 2693, 3, 1
789, 2720, 3, 1
790, 2685, 3, 1
791, 2704, 3, 1
792, 2723, 3, 1
793, 2733, 3, 1
794, 2719, 3, 1
795, 2719, 3, 1
796, 2689, 3, 1
797, 2681, 3, 1
798, 2724, 3, 1
799, 2699, 3, 1
800, 2701, 3, 1
801, 2726, 3, 1
802, 2734, 3, 1
803, 2709, 3, 1
804, 2694, 3, 1
805, 2728, 3, 1
806, 2722, 3, 1
807, 2712, 3, 1
808, 2731, 3, 1
809, 2715, 3, 1
810, 2683, 3, 1
811, 2719, 3, 1
812, 2729, 3, 1
813, 2697, 3, 1
814, 2729, 3, 1
815, 2689, 3, 1
816, 2684, 3, 1
817, 2729, 3, 1
818, 2729, 3, 1
819, 2702, 3, 1
820, 2700, 3, 1
821, 2726, 3, 1
822, 2718, 3, 1
823, 2687, 3, 1
824, 2731, 3, 1
825, 2719, 3, 1
826, 2687, 3, 0
827, 2725, 3, 0
828, 2697, 3, 0
829, 2684, 3, 0
830, 2724, 3, 0
831, 2724, 3, 0
832, 2701, 3, 0
833, 2706, 3, 0
834, 2732, 3, 0
835, 2687, 3, 0
836, 2682, 3, 0
837, 2689, 3, 0
838, 2688, 3, 0
839, 2732, 3, 0
840, 2726, 3, 0
841, 2691, 3, 0
842, 2692, 3, 0
843, 2707, 3, 0
844, 2728, 3, 0
845, 2682, 3, 0
846, 2720, 3, 0
847, 2716, 3, 0
848, 2691, 3, 0
849, 2702, 3, 0
850, 2738, 3, 0
851, 2685, 3, 0
852, 2688, 3, 0
853, 2685, 3, 0
854, 2717, 3, 0
855, 2728, 3, 0
856, 2729, 3, 0
857, 2700, 3, 0
858, 2697, 3, 0
859, 2706, 3, 0
860, 2688, 3, 0
861, 2683, 3, 0
862, 2723, 3, 0
863, 2728, 3, 0
864, 2681, 3, 0
865, 2712, 3, 0
866, 2691, 3, 0
867, 2686, 3, 0
868, 2685, 3, 0
869, 2684, 3, 0
870, 2727, 3, 0
871, 2686, 3, 0
872, 2685, 3, 0
873, 2727, 3, 0
874, 2729, 3, 0
875, 2706, 3, 0
876, 2688, 3, 0
877, 2696, 3, 0
878, 2683, 3, 0
879, 2726, 3, 0
880, 2707, 3, 0
881, 2736, 3, 0
882, 2708, 3, 0
883, 2721, 3, 0
884, 2733, 3, 0
885, 2731, 3, 0
886, 2696, 3, 0
887, 2728, 3, 0
888, 2685, 3, 0
889, 2731, 3, 0
890, 2725, 3, 0
891, 2721, 3, 0
892, 2688, 3, 0
893, 2698, 3, 0
894, 2722, 3, 0
895, 2720, 3, 0
896, 2720, 3, 0
897, 2734, 3, 0
898, 2689, 3, 0
899, 2711, 3, 0
900, 2704, 3, 0
901, 2683, 3, 1
902, 2694, 3, 1
903, 2684, 3, 1
904, 2687, 3, 1
905, 2720, 3, 1
906, 2687, 3, 1
907, 2685, 3, 1
908, 2721, 3, 1
909, 2731, 3, 1
910, 2685, 3, 1
911, 2721, 3, 1
912, 2729, 3, 1
913, 2723, 3, 1
914, 2727, 3, 1
915, 2691, 3, 1
916, 2694, 3, 1
917, 2732, 3, 1
918, 2734, 3, 1
919, 2722, 3, 1
920, 2712, 3, 1
921, 2713, 3, 1
922, 2689, 3, 1
923, 2682, 3, 1
924, 2693, 3, 1
925, 2686, 3, 1
926, 2708, 3, 1
927, 2733, 3, 1
928, 2732, 3, 1
929, 2699, 3, 1
930, 2725, 3, 1
931, 2686, 3, 1
932, 2733, 3, 1
933, 2684, 3, 1
934, 2725, 3, 1
935, 2728, 3, 1
936, 2688, 3, 1
937, 2706, 3, 1
938, 2683, 3, 1
939, 2733, 3, 1
940, 2694, 3, 1
941, 2704, 3, 1
942, 2728, 3, 1
943, 2729, 3, 1
944, 2689, 3, 1
945, 2733, 3, 1
946, 2714, 3, 1
947, 2726, 3, 1
948, 2719, 3, 1
949, 2733, 3, 1
950, 2706, 3, 1
951, 2729, 3, 1
952, 2713, 3, 1
953, 2701, 3, 1
954, 2708, 3, 1
955, 2728, 3, 1
956, 2717, 3, 1
957, 2700, 3, 1
958, 2725, 3, 1
959, 2715, 3, 1
960, 2731, 3, 1
961, 2686, 3, 1
962, 2685, 3, 1
963, 2685, 3, 1
964, 2688, 3, 1
965, 2699, 3, 1
966, 2728, 3, 1
967, 2687, 3, 1
968, 2727, 3, 1
969, 2682, 3, 1
970, 2735, 3, 1
971, 2728, 3, 1
972, 2706, 3, 1
973, 2697, 3, 1
974, 2685, 3, 1
975, 2709, 3, 1
976, 2691, 3, 0
977, 2714, 3, 0
978, 2686, 3, 0
979, 2702, 3, 0
980, 2686, 3, 0
981, 2698, 3, 0
982, 2685, 3, 0
983, 2688, 3, 0
984, 2696, 3, 0
985, 2717, 3, 0
986, 2729, 3, 0
987, 2700, 3, 0
988, 2731, 3, 0
989, 2722, 3, 0
990, 2709, 3, 0
991, 2684, 3, 0
992, 2725, 3, 0
993, 2685, 3, 0
994, 2687, 3, 0
995, 2680, 3, 0
996, 2708, 3, 0
997, 2707, 3, 0
998, 2725, 3, 0
999, 2712, 3, 0
1000, 2705, 3, 0
1001, 2681, 3, 0
1002, 2724, 3, 0
1003, 2731, 3, 0
1004, 2684, 3, 0
1005, 2691, 3, 0
1006, 2722, 3, 0
1007, 2703, 3, 0
1008, 2688, 3, 0
1009, 2683, 3, 0
1010, 2702, 3, 0
1011, 2724, 3, 0
1012, 2726, 3, 0
1013, 2731, 3, 0
1014, 2725, 3, 0
1015, 2688, 3, 0
1016, 2717, 3, 0
1017, 2732, 3, 0
1018, 2681, 3, 0
1019, 2686, 3, 0
1020, 2691, 3, 0
1021, 2700, 3, 0
1022, 2690, 3, 0
1023, 2723, 3, 0
1024, 2715, 3, 0
1025, 2708, 3, 0
1026, 2723, 3, 0
1027, 2709, 3, 0
1028, 2670, 3, 0
1029, 2712, 3, 0
1030, 2694, 3, 0
1031, 2728, 3, 0
1032, 2722, 3, 0
1033, 2679, 3, 0
1034, 2712, 3, 0
1035, 2700, 3, 0
1036, 2708, 3, 0
1037, 2721, 3, 0
1038, 2728, 3, 0
1039, 2705, 3, 0
1040, 2711, 3, 0
1041, 2722, 3, 0
1042, 2720, 3, 0
1043, 2718, 3, 0
1044, 2724, 3, 0
1045, 2681, 3, 0
1046, 2698, 3, 0
1047, 2687, 3, 0
1048, 2720, 3, 0
1049, 2721, 3, 0
1050, 2696, 3, 0
1051, 2724, 3, 1
1052, 2688, 3, 1
1053, 2679, 3, 1
1054, 2683, 3, 1
1055, 2687, 3, 1
1056, 2722, 3, 1
1057, 2684, 3, 1
1058, 2717, 3, 1
1059, 2716, 3, 1
1060, 2727, 3, 1
1061, 2713, 3, 1
1062, 2715, 3, 1
1063, 2688, 3, 1
1064, 2689, 3, 1
1065, 2688, 3, 1
1066, 2687, 3, 1
1067, 2722, 3, 1
1068, 2696, 3, 1
1069, 2731, 3, 1
1070, 2710, 3, 1
1071, 2720, 3, 1
1072, 2694, 3, 1
1073, 2689, 3, 1
1074, 2712, 3, 1
1075, 2708, 3, 1
1076, 2732, 3, 1
1077, 2676, 3, 1
1078, 2681, 3, 1
1079, 2732, 3, 1
1080, 2710, 3, 1
1081, 2687, 3, 1
1082, 2689, 3, 1
1083, 2692, 3, 1
1084, 2729, 3, 1
1085, 2732, 3, 1
1086, 2687, 3, 1
1087, 2685, 3, 1
1088, 2728, 3, 1
1089, 2682, 3, 1
1090, 2706, 3, 1
1091, 2714, 3, 1
1092, 2688, 3, 1
1093, 2722, 3, 1
1094, 2684, 3, 1
1095, 2733, 3, 1
1096, 2733, 3, 1
1097, 2732, 3, 1
1098, 2723, 3, 1
1099, 2738, 3, 1
1100, 2723, 3, 1
1101, 2711, 3, 1
1102, 2719, 3, 1
1103, 2736, 3, 1
1104, 2727, 3, 1
1105, 2695, 3, 1
1106, 2683, 3, 1
1107, 2732, 3, 1
1108, 2704, 3, 1
1109, 2701, 3, 1
1110, 2688, 3, 1
1111, 2702, 3, 1
1112, 2730, 3, 1
1113, 2720, 3, 1
1114, 2722, 3, 1
1115, 2717, 3, 1
1116, 2724, 3, 1
1117, 2710, 3, 1
1118, 2680, 3, 1
1119, 2721, 3, 1
1120, 2731, 3, 1
1121, 2696, 3, 1
1122, 2681, 3, 1
1123, 2680, 3, 1
1124, 2714, 3, 1
1125, 2683, 3, 1
1126, 2692, 3, 0
1127, 2687, 3, 0
1128, 2723, 3, 0
1129, 2709, 3, 0
1130, 2718, 3, 0
1131, 2715, 3, 0
1132, 2726, 3, 0
1133, 2684, 3, 0
1134, 2694, 3, 0
1135, 2691, 3, 0
1136, 2735, 3, 0
1137, 2725, 3, 0
1138, 2688, 3, 0
1139, 2702, 3, 0
1140, 2683, 3, 0
1141, 2731, 3, 0
1142, 2691, 3, 0
1143, 2705, 3, 0
1144, 2682, 3, 0
1145, 2686, 3, 0
1146, 2698, 3, 0
1147, 2732, 3, 0
1148, 2708, 3, 0
1149, 2725, 3, 0
1150, 2685, 3, 0
1151, 2730, 3, 0
1152, 2729, 3, 0
1153, 2700, 3, 0
1154, 2709, 3, 0
1155, 2725, 3, 0
1156, 2736, 3, 0
1157, 2693, 3, 0
1158, 2728, 3, 0
1159, 2718, 3, 0
1160, 2686, 3, 0
1161, 2700, 3, 0
1162, 2687, 3, 0
1163, 2682, 3, 0
1164, 2732, 3, 0
1165, 2682, 3, 0
1166, 2691, 3, 0
1167, 2721, 3, 0
1168, 2724, 3, 0
1169, 2691, 3, 0
1170, 2729, 3, 0
1171, 2722, 3, 0
1172, 2687, 3, 0
1173, 2700, 3, 0
1174, 2684, 3, 0
1175, 2704, 3, 0
1176, 2728, 3, 0
1177, 2688, 3, 0
1178, 2726, 3, 0
1179, 2718, 3, 0
1180, 2690, 3, 0
1181, 2687, 3, 0
1182, 2686, 3, 0
1183, 2693, 3, 0
1184, 2692, 3, 0
1185, 2729, 3, 0
1186, 2698, 3, 0
1187, 2707, 3, 0
1188, 2689, 3, 0
1189, 2701, 3, 0
1190, 2729, 3, 0
1191, 2702, 3, 0
1192, 2690, 3, 0
1193, 2711, 3, 0
1194, 2707, 3, 0
1195, 2708, 3, 0
1196, 2684, 3, 0
1197, 2734, 3, 0
1198, 2696, 3, 0
1199, 2700, 3, 0
1200, 2706, 3, 0
1201, 2677, 3, 1
1202, 2686, 3, 1
1203, 2723, 3, 1
1204, 2719, 3, 1
1205, 2705, 3, 1
1206, 2721, 3, 1
1207, 2727, 3, 1
1208, 2727, 3, 1
1209, 2697, 3, 1
1210, 2696, 3, 1
1211, 2723, 3, 1
1212, 2718, 3, 1
1213, 2706, 3, 1
1214, 2698, 3, 1
1215, 2695, 3, 1
1216, 2684, 3, 1
1217, 2722, 3, 1
1218, 2731, 3, 1
1219, 2711, 3, 1
1220, 2714, 3, 1
1221, 2680, 3, 1
1222, 2701, 3, 1
1223, 2708, 3, 1
1224, 2682, 3, 1
1225, 2706, 3, 1
1226, 2693, 3, 1
1227, 2690, 3, 1
1228, 2697, 3, 1
1229, 2725, 3, 1
1230, 2728, 3, 1
1231, 2699, 3, 1
1232, 2692, 3, 1
1233, 2694, 3, 1
1234, 2704, 3, 1
1235, 2692, 3, 1
1236, 2685, 3, 1
1237, 2723, 3, 1
1238, 2702, 3, 1
1239, 2695, 3, 1
1240, 2734, 3, 1
1241, 2682, 3, 1
1242, 2713, 3, 1
1243, 2691, 3, 1
1244, 2710, 3, 1
1245, 2720, 3, 1
1246, 2692, 3, 1
1247, 2703, 3, 1
1248, 2727, 3, 1
1249, 2730, 3, 1
1250, 2680, 3, 1
1251, 2683, 3, 1
1252, 2712, 3, 1
1253, 2702, 3, 1
1254, 2720, 3, 1
1255, 2714, 3, 1
1256, 2686, 3, 1
1257, 2722, 3, 1
1258, 2700, 3, 1
1259, 2712, 3, 1
1260, 2720, 3, 1
1261, 2699, 3, 1
1262, 2736, 3, 1
1263, 2685, 3, 1
1264, 2707, 3, 1
1265, 2709, 3, 1
1266, 2687, 3, 1
1267, 2685, 3, 1
1268, 2681, 3, 1
1269, 2691, 3, 1
1270, 2731, 3, 1
1271, 2716, 3, 1
1272, 2697, 3, 1
1273, 2690, 3, 1
1274, 2689, 3, 1
1275, 2727, 3, 1
1276, 2708, 3, 0
1277, 2699, 3, 0
1278, 2705, 3, 0
1279, 2733, 3, 0
1280, 2685, 3, 0
1281, 2733, 3, 0
1282, 2710, 3, 0
1283, 2707, 3, 0
1284, 2721, 3, 0
1285, 2717, 3, 0
1286, 2691, 3, 0
1287, 2692, 3, 0
1288, 2698, 3, 0
1289, 2730, 3, 0
1290, 2714, 3, 0
1291, 2690, 3, 0
1292, 2687, 3, 0
1293, 2727, 3, 0
1294, 2727, 3, 0
1295, 2736, 3, 0
1296, 2726, 3, 0
1297, 2690, 3, 0
1298, 2732, 3, 0
1299, 2696, 3, 0
1300, 2727, 3, 0
1301, 2726, 3, 0
1302, 2699, 3, 0
1303, 2730, 3, 0
1304, 2688, 3, 0
1305, 2728, 3, 0
1306, 2682, 3, 0
1307, 2692, 3, 0
1308, 2692, 3, 0
1309, 2707, 3, 0
1310, 2730, 3, 0
1311, 2701, 3, 0
1312, 2694, 3, 0
1313, 2689, 3, 0
1314, 2690, 3, 0
1315, 2719, 3, 0
1316, 2726, 3, 0
1317, 2688, 3, 0
1318, 2729, 3, 0
1319, 2725, 3, 0
1320, 2730, 3, 0
1321, 2728, 3, 0
1322, 2685, 3, 0
1323, 2685, 3, 0
1324, 2682, 3, 0
1325, 2731, 3, 0
1326, 2708, 3, 0
1327, 2697, 3, 0
1328, 2685, 3, 0
1329, 2673, 3, 0
1330, 2719, 3, 0
1331, 2730, 3, 0
1332, 2727, 3, 0
1333, 2711, 3, 0
1334, 2681, 3, 0
1335, 2723, 3, 0
1336, 2729, 3, 0
1337, 2701, 3, 0
1338, 2683, 3, 0
1339, 2687, 3, 0
1340, 2720, 3, 0
1341, 2697, 3, 0
1342, 2729, 3, 0
1343, 2688, 3, 0
1344, 2730, 3, 0
1345, 2724, 3, 0
1346, 2721, 3, 0
1347, 2684, 3, 0
1348, 2724, 3, 0
1349, 2727, 3, 0
1350, 2684, 3, 0
1351, 2739, 3, 1
1352, 2696, 3, 1
1353, 2720, 3, 1
1354, 2684, 3, 1
1355, 2732, 3, 1
1356, 2721, 3, 1
1357, 2685, 3, 1
1358, 2726, 3, 1
1359, 2706, 3, 1
1360, 2733, 3, 1
1361, 2683, 3, 1
1362, 2702, 3, 1
1363, 2689, 3, 1
1364, 2714, 3, 1
1365, 2677, 3, 1
1366, 2705, 3, 1
1367, 2727, 3, 1
1368, 2726, 3, 1
1369, 2693, 3, 1
1370, 2684, 3, 1
1371, 2712, 3, 1
1372, 2684, 3, 1
1373, 2685, 3, 1
1374, 2701, 3, 1
1375, 2717, 3, 1
1376, 2713, 3, 1
1377, 2699, 3, 1
1378, 2687, 3, 1
1379, 2724, 3, 1
1380, 2729, 3, 1
1381, 2712, 3, 1
1382, 2695, 3, 1
1383, 2727, 3, 1
1384, 2686, 3, 1
1385, 2730, 3, 1
1386, 2728, 3, 1
1387, 2729, 3, 1
1388, 2725, 3, 1
1389, 2687, 3, 1
1390, 2731, 3, 1
1391, 2680, 3, 1
1392, 2702, 3, 1
1393, 2681, 3, 1
1394, 2718, 3, 1
1395, 2684, 3, 1
1396, 2701, 3, 1
1397, 2733, 3, 1
1398, 2726, 3, 1
1399, 2689, 3, 1
1400, 2707, 3, 1
1401, 2731, 3, 1
1402, 2692, 3, 1
1403, 2713, 3, 1
1404, 2706, 3, 1
1405, 2714, 3, 1
1406, 2698, 3, 1
1407, 2690, 3, 1
1408, 2724, 3, 1
1409, 2728, 3, 1
1410, 2715, 3, 1
1411, 2732, 3, 1
1412, 2694, 3, 1
1413, 2716, 3, 1
1414, 2688, 3, 1
1415, 2689, 3, 1
1416, 2686, 3, 1
1417, 2694, 3, 1
1418, 2694, 3, 1
1419, 2732, 3, 1
1420, 2684, 3, 1
1421, 2719, 3, 1
1422, 2715, 3, 1
1423, 2695, 3, 1
1424, 2711, 3, 1
1425, 2728, 3, 1
1426, 2705, 3, 0
1427, 2704, 3, 0
1428, 2681, 3, 0
1429, 2733, 3, 0
1430, 2704, 3, 0
1431, 2692, 3, 0
1432, 2688, 3, 0
1433, 2701, 3, 0
1434, 2707, 3, 0
1435, 2710, 3, 0
1436, 2691, 3, 0
1437, 2706, 3, 0
1438, 2701, 3, 0
1439, 2716, 3, 0
1440, 2715, 3, 0
1441, 2690, 3, 0
1442, 2724, 3, 0
1443, 2704, 3, 0
1444, 2719, 3, 0
1445, 2721, 3, 0
1446, 2693, 3, 0
1447, 2720, 3, 0
1448, 2722, 3, 0
1449, 2689, 3, 0
1450, 2692, 3, 0
1451, 2725, 3, 0
1452, 2685, 3, 0
1453, 2696, 3, 0
1454, 2689, 3, 0
1455, 2683, 3, 0
1456, 2686, 3, 0
1457, 2726, 3, 0
1458, 2726, 3, 0
1459, 2732, 3, 0
1460, 2730, 3, 0
1461, 2680, 3, 0
1462, 2693, 3, 0
1463, 2683, 3, 0
1464, 2710, 3, 0
1465, 2688, 3, 0
1466, 2685, 3, 0
1467, 2733, 3, 0
1468, 2691, 3, 0
1469, 2694, 3, 0
1470, 2689, 3, 0
1471, 2733, 3, 0
1472, 2727, 3, 0
1473, 2685, 3, 0
1474, 2683, 3, 0
1475, 2687, 3, 0
1476, 2712, 3, 0
1477, 2732, 3, 0
1478, 2711, 3, 0
1479, 2732, 3, 0
1480, 2734, 3, 0
1481, 2706, 3, 0
1482, 2700, 3, 0
1483, 2681, 3, 0
1484, 2711, 3, 0
1485, 2695, 3, 0
1486, 2714, 3, 0
1487, 2728, 3, 0
1488, 2720, 3, 0
1489, 2698, 3, 0
1490, 2693, 3, 0
1491, 2728, 3, 0
1492, 2735, 3, 0
1493, 2694, 3, 0
1494, 2689, 3, 0
1495, 2689, 3, 0
1496, 2692, 3, 0
1497, 2727, 3, 0
1498, 2731, 3, 0
1499, 2729, 3, 0
1500, 2725, 3, 0
1501, 2733, 3, 0
1502, 2705, 3, 1
1503, 2720, 3, 1
1504, 2718, 3, 1
1505, 2734, 3, 1
1506, 2687, 3, 1
1507, 2685, 3, 1
1508, 2681, 3, 1
1509, 2685, 3, 1
1510, 2686, 3, 1
1511, 2698, 3, 1
1512, 2713, 3, 1
1513, 2680, 3, 1
1514, 2706, 3, 1
1515, 2716, 3, 1
1516, 2730, 3, 1
1517, 2715, 3, 1
1518, 2705, 3, 1
1519, 2705, 3, 1
1520, 2681, 3, 1
1521, 2701, 3, 1
1522, 2692, 3, 1
1523, 2728, 3, 1
1524, 2712, 3, 1
1525, 2691, 3, 1
1526, 2717, 3, 1
1527, 2687, 3, 1
1528, 2716, 3, 1
1529, 2727, 3, 1
1530, 2688, 3, 1
1531, 2684, 3, 1
1532, 2712, 3, 1
1533, 2725, 3, 1
1534, 2690, 3, 1
1535, 2714, 3, 1
1536, 2693, 3, 1
1537, 2726, 3, 1
1538, 2718, 3, 1
1539, 2697, 3, 1
1540, 2693, 3, 1
1541, 2706, 3, 1
1542, 2728, 3, 1
1543, 2679, 3, 1
1544, 2734, 3, 1
1545, 2691, 3, 1
1546, 2687, 3, 1
1547, 2683, 3, 1
1548, 2704, 3, 1
1549, 2690, 3, 1
1550, 2706, 3, 1
1551, 2708, 3, 1
1552, 2699, 3, 1
1553, 2731, 3, 1
1554, 2711, 3, 1
1555, 2707, 3, 1
1556, 2730, 3, 1
1557, 2719, 3, 1
1558, 2683, 3, 1
1559, 2728, 3, 1
1560, 2686, 3, 1
1561, 2696, 3, 1
1562, 2689, 3, 1
1563, 2725, 3, 1
1564, 2678, 3, 1
1565, 2714, 3, 1
1566, 2689, 3, 1
1567, 2696, 3, 1
1568, 2717, 3, 1
1569, 2708, 3, 1
1570, 2719, 3, 1
1571, 2709, 3, 1
1572, 2732, 3, 1
1573, 2691, 3, 1
1574, 2694, 3, 1
1575, 2685, 3, 1
1576, 2684, 3, 1
1577, 2684, 3, 0
1578, 2701, 3, 0
1579, 2732, 3, 0
1580, 2709, 3, 0
1581, 2721, 3, 0
1582, 2690, 3, 0
1583, 2716, 3, 0
1584, 2702, 3, 0
1585, 2722, 3, 0
1586, 2691, 3, 0
1587, 2727, 3, 0
1588, 2679, 3, 0
1589, 2708, 3, 0
1590, 2699, 3, 0
1591, 2714, 3, 0
1592, 2727, 3, 0
1593, 2707, 3, 0
1594, 2686, 3, 0
1595, 2684, 3, 0
1596, 2681, 3, 0
1597, 2698, 3, 0
1598, 2682, 3, 0
1599, 2683, 3, 0
1600, 2697, 3, 0
1601, 2721, 3, 0
1602, 2729, 3, 0
1603, 2735, 3, 0
1604, 2697, 3, 0
1605, 2721, 3, 0
1606, 2680, 3, 0
1607, 2725, 3, 0
1608, 2687, 3, 0
1609, 2685, 3, 0
1610, 2688, 3, 0
1611, 2698, 3, 0
1612, 2685, 3, 0
1613, 2729, 3, 0
1614, 2682, 3, 0
1615, 2714, 3, 0
1616, 2726, 3, 0
1617, 2692, 3, 0
1618, 2725, 3, 0
1619, 2697, 3, 0
1620, 2707, 3, 0
1621, 2709, 3, 0
1622, 2689, 3, 0
1623, 2725, 3, 0
1624, 2728, 3, 0
1625, 2733, 3, 0
1626, 2728, 3, 0
1627, 2696, 3, 0
1628, 2715, 3, 0
1629, 2689, 3, 0
1630, 2694, 3, 0
1631, 2729, 3, 0
1632, 2726, 3, 0
1633, 2685, 3, 0
1634, 2699, 3, 0
1635, 2712, 3, 0
1636, 2729, 3, 0
1637, 2686, 3, 0
1638, 2691, 3, 0
1639, 2732, 3, 0
1640, 2701, 3, 0
1641, 2723, 3, 0
1642, 2730, 3, 0
1643, 2722, 3, 0
1644, 2721, 3, 0
1645, 2680, 3, 0
1646, 2718, 3, 0
1647, 2709, 3, 0
1648, 2691, 3, 0
1649, 2712, 3, 0
1650, 2706, 3, 0
1651, 2689, 3, 0
1652, 2690, 3, 1
1653, 2702, 3, 1
1654, 2690, 3, 1
1655, 2732, 3, 1
1656, 2682, 3, 1
1657, 2720, 3, 1
1658, 2680, 3, 1
1659, 2731, 3, 1
1660, 2721, 3, 1
1661, 2710, 3, 1
1662, 2725, 3, 1
1663, 2688, 3, 1
1664, 2733, 3, 1
1665, 2724, 3, 1
1666, 2733, 3, 1
1667, 2695, 3, 1
1668, 2707, 3, 1
1669, 2716, 3, 1
1670, 2731, 3, 1
1671, 2712, 3, 1
1672, 2702, 3, 1
1673, 2709, 3, 1
1674, 2707, 3, 1
1675, 2724, 3, 1
1676, 2696, 3, 1
1677, 2683, 3, 1
1678, 2706, 3, 1
1679, 2726, 3, 1
1680, 2685, 3, 1
1681, 2725, 3, 1
1682, 2723, 3, 1
1683, 2693, 3, 1
1684, 2729, 3, 1
1685, 2698, 3, 1
1686, 2731, 3, 1
1687, 2727, 3, 1
1688, 2731, 3, 1
1689, 2713, 3, 1
1690, 2692, 3, 1
1691, 2727, 3, 1
1692, 2705, 3, 1
1693, 2717, 3, 1
1694, 2715, 3, 1
1695, 2685, 3, 1
1696, 2723, 3, 1
1697, 2705, 3, 1
1698, 2709, 3, 1
1699, 2723, 3, 1
1700, 2684, 3, 1
1701, 2722, 3, 1
1702, 2695, 3, 1
1703, 2718, 3, 1
1704, 2722, 3, 1
1705, 2721, 3, 1
1706, 2717, 3, 1
1707, 2686, 3, 1
1708, 2716, 3, 1
1709, 2727, 3, 1
1710, 2713, 3, 1
1711, 2723, 3, 1
1712, 2683, 3, 1
1713, 2680, 3, 1
1714, 2721, 3, 1
1715, 2733, 3, 1
1716, 2726, 3, 1
1717, 2691, 3, 1
1718, 2722, 3, 1
1719, 2689, 3, 1
1720, 2728, 3, 1
1721, 2727, 3, 1
1722, 2693, 3, 1
1723, 2692, 3, 1
1724, 2692, 3, 1
1725, 2729, 3, 1
1726, 2688, 3, 1
1727, 2712, 3, 0
1728, 2691, 3, 0
1729, 2689, 3, 0
1730, 2695, 3, 0
1731, 2712, 3, 0
1732, 2680, 3, 0
1733, 2725, 3, 0
1734, 2694, 3, 0
1735, 2670, 3, 0
1736, 2689, 3, 0
1737, 2736, 3, 0
1738, 2699, 3, 0
1739, 2710, 3, 0
1740, 2716, 3, 0
1741, 2696, 3, 0
1742, 2681, 3, 0
1743, 2705, 3, 0
1744, 2684, 3, 0
1745, 2702, 3, 0
1746, 2721, 3, 0
1747, 2725, 3, 0
1748, 2690, 3, 0
1749, 2722, 3, 0
1750, 2700, 3, 0
1751, 2691, 3, 0
1752, 2681, 3, 0
1753, 2738, 3, 0
1754, 2727, 3, 0
1755, 2731, 3, 0
1756, 2696, 3, 0
1757, 2722, 3, 0
1758, 2684, 3, 0
1759, 2728, 3, 0
1760, 2726, 3, 0
1761, 2723, 3, 0
1762, 2688, 3, 0
1763, 2724, 3, 0
1764, 2689, 3, 0
1765, 2691, 3, 0
1766, 2691, 3, 0
1767, 2700, 3, 0
1768, 2719, 3, 0
1769, 2678, 3, 0
1770, 2730, 3, 0
1771, 2717, 3, 0
1772, 2712, 3, 0
1773, 2730, 3, 0
1774, 2701, 3, 0
1775, 2722, 3, 0
1776, 2679, 3, 0
1777, 2711, 3, 0
1778, 2695, 3, 0
1779, 2733, 3, 0
1780, 2723, 3, 0
1781, 2720, 3, 0
1782, 2725, 3, 0
1783, 2715, 3, 0
1784, 2713, 3, 0
1785, 2680, 3, 0
1786, 2703, 3, 0
1787, 2706, 3, 0
1788, 2703, 3, 0
1789, 2734, 3, 0
1790, 2729, 3, 0
1791, 2735, 3, 0
1792, 2733, 3, 0
1793, 2729, 3, 0
1794, 2686, 3, 0
1795, 2715, 3, 0
1796, 2722, 3, 0
1797, 2689, 3, 0
1798, 2724, 3, 0
1799, 2717, 3, 0
1800, 2717, 3, 0
1801, 2684, 3, 0
1802, 2682, 3, 1
1803, 2724, 3, 1
1804, 2718, 3, 1
1805, 2690, 3, 1
1806, 2717, 3, 1
1807, 2727, 3, 1
1808, 2694, 3, 1
1809, 2708, 3, 1
1810, 2694, 3, 1
1811, 2714, 3, 1
1812, 2712, 3, 1
1813, 2735, 3, 1
1814, 2719, 3, 1
1815, 2728, 3, 1
1816, 2719, 3, 1
1817, 2719, 3, 1
1818, 2684, 3, 1
1819, 2732, 3, 1
1820, 2725, 3, 1
1821, 2700, 3, 1
1822, 2685, 3, 1
1823, 2718, 3, 1
1824, 2696, 3, 1
1825, 2725, 3, 1
1826, 2683, 3, 1
1827, 2690, 3, 1
1828, 2721, 3, 1
1829, 2722, 3, 1
1830, 2693, 3, 1
1831, 2707, 3, 1
1832, 2724, 3, 1
1833, 2686, 3, 1
1834, 2706, 3, 1
1835, 2685, 3, 1
1836, 2716, 3, 1
1837, 2726, 3, 1
1838, 2687, 3, 1
1839, 2705, 3, 1
1840, 2693, 3, 1
1841, 2701, 3, 1
1842, 2702, 3, 1
1843, 2697, 3, 1
1844, 2686, 3, 1
1845, 2718, 3, 1
1846, 2699, 3, 1
1847, 2721, 3, 1
1848, 2702, 3, 1
1849, 2716, 3, 1
1850, 2721, 3, 1
1851, 2695, 3, 1
1852, 2683, 3, 1
1853, 2724, 3, 1
1854, 2711, 3, 1
1855, 2734, 3, 1
1856, 2684, 3, 1
1857, 2685, 3, 1
1858, 2691, 3, 1
1859, 2725, 3, 1
1860, 2697, 3, 1
1861, 2724, 3, 1
1862, 2715, 3, 1
1863, 2716, 3, 1
1864, 2720, 3, 1
1865, 2719, 3, 1
1866, 2708, 3, 1
1867, 2700, 3, 1
1868, 2710, 3, 1
1869, 2727, 3, 1
1870, 2697, 3, 1
1871, 2709, 3, 1
1872, 2694, 3, 1
1873, 2730, 3, 1
1874, 2686, 3, 1
1875, 2693, 3, 1
1876, 2687, 3, 1
1877, 2703, 3, 0
1878, 2715, 3, 0
1879, 2694, 3, 0
1880, 2704, 3, 0
1881, 2709, 3, 0
1882, 2705, 3, 0
1883, 2688, 3, 0
1884, 2723, 3, 0
1885, 2706, 3, 0
1886, 2688, 3, 0
1887, 2724, 3, 0
1888, 2711, 3, 0
1889, 2714, 3, 0
1890, 2683, 3, 0
1891, 2707, 3, 0
1892, 2728, 3, 0
1893, 2712, 3, 0
1894, 2685, 3, 0
1895, 2723, 3, 0
1896, 2728, 3, 0
1897, 2683, 3, 0
1898, 2688, 3, 0
1899, 2708, 3, 0
1900, 2728, 3, 0
1901, 2689, 3, 0
1902, 2700, 3, 0
1903, 2706, 3, 0
1904, 2700, 3, 0
1905, 2685, 3, 0
1906, 2714, 3, 0
1907, 2699, 3, 0
1908, 2704, 3, 0
1909, 2704, 3, 0
1910, 2713, 3, 0
1911, 2687, 3, 0
1912, 2731, 3, 0
1913, 2713, 3, 0
1914, 2723, 3, 0
1915, 2731, 3, 0
1916, 2691, 3, 0
1917, 2707, 3, 0
1918, 2727, 3, 0
1919, 2708, 3, 0
1920, 2726, 3, 0
1921, 2687, 3, 0
1922, 2701, 3, 0
1923, 2690, 3, 0
1924, 2686, 3, 0
1925, 2704, 3, 0
1926, 2731, 3, 0
1927, 2697, 3, 0
1928, 2685, 3, 0
1929, 2689, 3, 0
1930, 2730, 3, 0
1931, 2703, 3, 0
1932, 2696, 3, 0
1933, 2721, 3, 0
1934, 2731, 3, 0
1935, 2700, 3, 0
1936, 2728, 3, 0
1937, 2715, 3, 0
1938, 2690, 3, 0
1939, 2716, 3, 0
1940, 2725, 3, 0
1941, 2680, 3, 0
1942, 2689, 3, 0
1943, 2723, 3, 0
1944, 2695, 3, 0
1945, 2716, 3, 0
1946, 2689, 3, 0
1947, 2699, 3, 0
1948, 2691, 3, 0
1949, 2681, 3, 0
1950, 2715, 3, 0
1951, 2688, 3, 0
1952, 2720, 3, 1
1953, 2728, 3, 1
1954, 2698, 3, 1
1955, 2733, 3, 1
1956, 2721, 3, 1
1957, 2693, 3, 1
1958, 2717, 3, 1
1959, 2729, 3, 1
1960, 2694, 3, 1
1961, 2684, 3, 1
1962, 2717, 3, 1
1963, 2731, 3, 1
1964, 2692, 3, 1
1965, 2686, 3, 1
1966, 2699, 3, 1
1967, 2729, 3, 1
1968, 2729, 3, 1
1969, 2684, 3, 1
1970, 2709, 3, 1
1971, 2726, 3, 1
1972, 2687, 3, 1
1973, 2718, 3, 1
1974, 2728, 3, 1
1975, 2726, 3, 1
1976, 2687, 3, 1
1977, 2708, 3, 1
1978, 2729, 3, 1
1979, 2729, 3, 1
1980, 2689, 3, 1
1981, 2689, 3, 1
1982, 2713, 3, 1
1983, 2715, 3, 1
1984, 2705, 3, 1
1985, 2733, 3, 1
1986, 2704, 3, 1
1987, 2719, 3, 1
1988, 2710, 3, 1
1989, 2687, 3, 1
1990, 2733, 3, 1
1991, 2707, 3, 1
1992, 2697, 3, 1
1993, 2689, 3, 1
1994, 2717, 3, 1
1995, 2685, 3, 1
1996, 2685, 3, 1
1997, 2691, 3, 1
1998, 2705, 3, 1
1999, 2723, 3, 1
2000, 2711, 3, 1
2001, 2727, 3, 1
2002, 2727, 3, 1
