66.141, -25.50890, -16.32181 
66.161, -25.50890, -16.32181 
66.120, -25.50890, -16.32181 
65.879, -25.50954, -16.32221 
66.201, -25.50890, -16.32181 
66.161, -26.52051, -16.32282 
66.161, -25.50857, -16.32161 
66.181, -25.50761, -16.32100 
66.181, -25.50793, -16.32120 
66.141, -25.50922, -16.32201 
66.181, -25.50857, -16.32161 
66.161, -23.46758, -15.30838 
66.141, -25.50890, -16.32181 
66.161, -25.50890, -16.32181 
66.161, -25.50954, -16.32221 
66.181, -25.50922, -16.32201 
66.120, -25.50890, -16.32181 
66.181, -25.50825, -16.32141 
66.141, -25.50857, -16.32161 
66.161, -25.50825, -16.32141 
66.181, -25.50857, -16.32161 
66.120, -25.50922, -16.32201 
66.40, -23.46788, -15.30858 
66.141, -25.50825, -16.32141 
66.141, -25.50857, -16.32161 
66.120, -25.50825, -16.32141 
66.161, -25.50954, -16.32221 
66.201, -25.50857, -16.32161 
66.161, -25.50857, -16.32161 
66.100, -25.50857, -16.32161 
66.181, -25.50890, -16.32181 
66.181, -25.50728, -16.32080 
66.141, -25.50857, -16.32161 
66.201, -25.50890, -16.32181 
66.141, -25.50922, -16.32201 
66.161, -25.50922, -16.32201 
66.201, -25.50890, -16.32181 
66.221, -25.50890, -16.32181 
66.201, -25.50890, -16.32181 
66.181, -25.50890, -16.32181 
66.141, -25.50890, -16.32181 
66.181, -25.50954, -16.32221 
66.141, -25.50857, -16.32161 
66.141, -25.50793, -16.32120 
66.141, -25.50857, -16.32161 
66.120, -25.50890, -16.32181 
66.100, -25.50857, -16.32161 
66.120, -25.50922, -16.32201 
66.161, -25.50890, -16.32181 
66.181, -25.50857, -16.32161 
66.141, -25.50793, -16.32120 
66.181, -25.50728, -16.32080 
66.221, -25.50922, -16.32201 
66.181, -25.50857, -16.32161 
66.261, -25.50857, -16.32161 
66.120, -25.50825, -16.32141 
66.201, -25.50922, -16.32201 
66.120, -25.50825, -16.32141 
66.161, -25.50825, -16.32141 
66.141, -25.50890, -16.32181 
66.181, -25.50761, -16.32100 
66.141, -25.50857, -16.32161 
65.838, -25.50890, -16.32181 
66.221, -25.50761, -16.32100 
66.181, -25.50986, -16.32241 
66.181, -25.50825, -16.32141 
66.141, -25.50761, -16.32100 
66.201, -25.50857, -16.32161 
66.181, -25.50890, -16.32181 
66.141, -25.50922, -16.32201 
66.100, -25.50761, -16.32100 
66.120, -25.50922, -16.32201 
66.120, -25.50857, -16.32161 
65.838, -25.50857, -16.32161 
66.201, -25.50825, -16.32141 
66.201, -25.50857, -16.32161 
66.181, -25.50857, -16.32161 
66.161, -25.50825, -16.32141 
66.161, -25.50761, -16.32100 
66.120, -25.50922, -16.32201 
66.141, -25.50825, -16.32141 
66.181, -23.46758, -15.30838 
66.181, -25.50825, -16.32141 
66.161, -25.50890, -16.32181 
66.141, -25.50857, -16.32161 
66.100, -25.50793, -16.32120 
66.120, -25.50890, -16.32181 
66.181, -25.50825, -16.32141 
66.161, -25.50857, -16.32161 
66.181, -23.46758, -15.30838 
66.181, -25.50793, -16.32120 
66.181, -25.50922, -16.32201 
66.141, -23.46788, -15.30858 
66.161, -25.50890, -16.32181 
66.120, -25.50922, -16.32201 
66.201, -25.50922, -16.32201 
66.201, -25.50857, -16.32161 
66.161, -25.50793, -16.32120 
66.241, -25.50857, -16.32161 
66.161, -25.50793, -16.32120 
66.161, -25.50761, -16.32100 
66.161, -25.50793, -16.32120 
66.141, -25.50922, -16.32201 
66.221, -25.50857, -16.32161 
66.141, -25.50761, -16.32100 
66.181, -25.50922, -16.32201 
66.141, -25.50857, -16.32161 
66.181, -25.50890, -16.32181 
66.201, -25.50890, -16.32181 
66.161, -25.50825, -16.32141 
66.181, -25.50825, -16.32141 
66.181, -25.50922, -16.32201 
66.141, -25.50761, -16.32100 
66.161, -25.50793, -16.32120 
66.161, -25.50890, -16.32181 
66.100, -25.50922, -16.32201 
66.141, -25.50890, -16.32181 
66.141, -25.50825, -16.32141 
66.141, -25.50793, -16.32120 
66.80, -25.50825, -16.32141 
66.141, -25.50761, -16.32100 
66.161, -25.50825, -16.32141 
66.141, -25.50922, -16.32201 
66.221, -25.50890, -16.32181 
66.201, -25.50857, -16.32161 
66.161, -25.50857, -16.32161 
66.141, -25.50890, -16.32181 
66.141, -25.50825, -16.32141 
66.120, -25.50857, -16.32161 
66.161, -25.50890, -16.32181 
66.181, -25.50890, -16.32181 
66.141, -25.50922, -16.32201 
65.879, -25.50825, -16.32141 
66.181, -25.50922, -16.32201 
66.181, -25.50857, -16.32161 
66.161, -25.50825, -16.32141 
66.161, -25.50761, -16.32100 
66.120, -25.50922, -16.32201 
66.161, -25.50857, -16.32161 
66.100, -25.50857, -16.32161 
66.141, -25.50857, -16.32161 
66.161, -25.50922, -16.32201 
66.120, -25.50696, -16.32060 
65.858, -25.50793, -16.32120 
66.181, -25.50728, -16.32080 
66.100, -25.50857, -16.32161 
66.161, -25.50825, -16.32141 
66.181, -25.50825, -16.32141 
66.161, -25.50890, -16.32181 
66.161, -25.50922, -16.32201 
66.241, -25.50857, -16.32161 
66.141, -23.46758, -15.30838 
66.201, -25.50793, -16.32120 
66.181, -25.50922, -16.32201 
66.201, -25.50890, -16.32181 
66.161, -25.50986, -16.32241 
66.181, -25.50954, -16.32221 
66.161, -25.50825, -16.32141 
66.181, -25.50761, -16.32100 
66.221, -23.46758, -15.30838 
66.181, -25.50890, -16.32181 
66.181, -25.50954, -16.32221 
66.141, -23.46848, -15.30899 
66.120, -25.50857, -16.32161 
66.181, -25.50922, -16.32201 
66.120, -25.50728, -16.32080 
66.181, -25.50857, -16.32161 
66.100, -25.50857, -16.32161 
66.221, -25.50793, -16.32120 
66.201, -25.50825, -16.32141 
66.161, -25.50761, -16.32100 
66.100, -25.50793, -16.32120 
66.161, -25.50857, -16.32161 
66.60, -25.50793, -16.32120 
66.181, -25.50922, -16.32201 
66.181, -25.50857, -16.32161 
66.120, -25.50954, -16.32221 
66.161, -25.50890, -16.32181 
66.161, -25.50954, -16.32221 
66.221, -25.50922, -16.32201 
66.120, -25.50857, -16.32161 
66.161, -25.50857, -16.32161 
66.161, -25.50857, -16.32161 
66.141, -25.50857, -16.32161 
66.100, -25.50922, -16.32201 
66.100, -25.50890, -16.32181 
66.141, -25.50890, -16.32181 
66.141, -25.50890, -16.32181 
66.201, -25.50825, -16.32141 
66.100, -25.50890, -16.32181 
66.161, -25.50793, -16.32120 
66.40, -25.50793, -16.32120 
66.120, -25.50890, -16.32181 
66.141, -25.50890, -16.32181 
66.181, -25.50761, -16.32100 
66.120, -25.50890, -16.32181 
66.120, -25.50793, -16.32120 
66.120, -25.50793, -16.32120 
66.100, -25.50922, -16.32201 
66.100, -25.50825, -16.32141 
66.201, -25.50922, -16.32201 
66.201, -25.50825, -16.32141 
65.858, -25.50922, -16.32201 
66.201, -25.50890, -16.32181 
66.181, -25.50922, -16.32201 
66.141, -25.50890, -16.32181 
66.181, -25.50890, -16.32181 
66.161, -25.50825, -16.32141 
66.201, -25.50890, -16.32181 
66.221, -25.50857, -16.32161 
66.141, -25.50825, -16.32141 
66.141, -25.50825, -16.32141 
66.141, -25.50857, -16.32161 
65.959, -25.50857, -16.32161 
66.161, -25.50793, -16.32120 
66.181, -25.50890, -16.32181 
66.161, -25.50825, -16.32141 
66.100, -25.50793, -16.32120 
66.141, -25.50825, -16.32141 
66.100, -25.50922, -16.32201 
66.100, -25.50825, -16.32141 
66.141, -23.46667, -15.30778 
66.181, -25.50857, -16.32161 
66.141, -25.50890, -16.32181 
66.161, -25.50761, -16.32100 
66.80, -25.50825, -16.32141 
66.282, -25.50890, -16.32181 
66.161, -25.50793, -16.32120 
66.141, -25.50857, -16.32161 
66.161, -23.46728, -15.30818 
66.161, -25.50986, -16.32241 
66.120, -25.50857, -16.32161 
66.161, -23.46999, -15.30999 
66.141, -25.50825, -16.32141 
66.282, -25.50857, -16.32161 
66.20, -25.50857, -16.32161 
66.181, -25.50761, -16.32100 
66.161, -25.50857, -16.32161 
66.161, -25.50825, -16.32141 
66.80, -26.52115, -16.32322 
66.161, -25.50857, -16.32161 
66.201, -25.50825, -16.32141 
66.141, -25.50890, -16.32181 
66.120, -25.50825, -16.32141 
66.120, -25.50857, -16.32161 
66.161, -25.50890, -16.32181 
66.161, -25.50890, -16.32181 
66.161, -25.50825, -16.32141 
66.60, -25.50761, -16.32100 
66.161, -25.50954, -16.32221 
66.141, -25.50825, -16.32141 
66.80, -25.50761, -16.32100 
66.161, -25.50825, -16.32141 
66.141, -25.50954, -16.32221 
66.181, -25.50954, -16.32221 
66.141, -25.50825, -16.32141 
66.141, -25.50922, -16.32201 
66.141, -25.50857, -16.32161 
66.141, -25.50825, -16.32141 
66.161, -25.50857, -16.32161 
66.161, -25.50761, -16.32100 
66.161, -25.50825, -16.32141 
66.161, -25.50825, -16.32141 
66.60, -25.50857, -16.32161 
66.221, -25.50825, -16.32141 
66.141, -25.50857, -16.32161 
66.141, -25.50890, -16.32181 
66.161, -25.50793, -16.32120 
66.120, -25.50890, -16.32181 
66.181, -25.50890, -16.32181 
66.181, -25.50857, -16.32161 
66.161, -25.50761, -16.32100 
66.181, -25.50857, -16.32161 
66.201, -25.50825, -16.32141 
66.141, -25.50793, -16.32120 
66.161, -25.50761, -16.32100 
66.161, -25.50857, -16.32161 
66.181, -25.50825, -16.32141 
66.120, -25.50825, -16.32141 
66.161, -25.50857, -16.32161 
66.241, -25.50922, -16.32201 
66.221, -25.50890, -16.32181 
66.161, -25.50857, -16.32161 
65.879, -25.50890, -16.32181 
66.201, -25.50890, -16.32181 
66.201, -25.50825, -16.32141 
66.120, -25.50761, -16.32100 
66.120, -25.50761, -16.32100 
66.141, -25.50825, -16.32141 
66.100, -25.50857, -16.32161 
66.100, -25.50857, -16.32161 
66.181, -25.50857, -16.32161 
66.161, -25.50890, -16.32181 
66.221, -25.50857, -16.32161 
66.161, -25.50890, -16.32181 
66.181, -25.50857, -16.32161 
66.120, -25.50793, -16.32120 
66.161, -25.50857, -16.32161 
66.161, -25.50857, -16.32161 
66.141, -23.46667, -15.30778 
66.141, -25.50857, -16.32161 
66.120, -25.50922, -16.32201 
66.141, -23.46818, -15.30879 
66.161, -26.52115, -16.32322 
66.201, -25.50890, -16.32181 
66.201, -25.50890, -16.32181 
66.201, -25.50954, -16.32221 
66.181, -25.50890, -16.32181 
66.161, -25.50857, -16.32161 
66.161, -25.50857, -16.32161 
66.161, -23.46728, -15.30818 
66.181, -25.50890, -16.32181 
66.161, -25.50954, -16.32221 
66.141, -25.50825, -16.32141 
66.161, -25.50890, -16.32181 
66.161, -25.50825, -16.32141 
66.161, -25.50922, -16.32201 
66.161, -25.50825, -16.32141 
66.201, -25.50825, -16.32141 
66.241, -25.50890, -16.32181 
66.141, -25.50857, -16.32161 
66.221, -25.50793, -16.32120 
66.141, -25.50890, -16.32181 
66.141, -25.50922, -16.32201 
66.181, -25.50890, -16.32181 
66.221, -25.50825, -16.32141 
66.120, -25.50825, -16.32141 
66.141, -25.50890, -16.32181 
66.120, -25.50825, -16.32141 
66.161, -25.50857, -16.32161 
66.141, -25.50825, -16.32141 
66.181, -25.50825, -16.32141 
66.161, -25.50922, -16.32201 
66.120, -25.50922, -16.32201 
66.241, -25.50632, -16.32020 
66.141, -25.50890, -16.32181 
66.141, -25.50857, -16.32161 
66.161, -25.50857, -16.32161 
66.161, -25.50922, -16.32201 
66.120, -25.50890, -16.32181 
66.201, -25.50825, -16.32141 
66.141, -25.50825, -16.32141 
66.161, -25.50890, -16.32181 
66.181, -25.50922, -16.32201 
66.181, -25.50857, -16.32161 
66.201, -25.50696, -16.32060 
66.181, -25.50922, -16.32201 
66.161, -25.50857, -16.32161 
66.161, -25.50922, -16.32201 
66.181, -25.50728, -16.32080 
66.141, -25.50857, -16.32161 
66.181, -25.50825, -16.32141 
66.181, -25.50793, -16.32120 
65.879, -25.50954, -16.32221 
66.221, -25.50890, -16.32181 
66.181, -25.50793, -16.32120 
66.100, -25.50793, -16.32120 
66.141, -25.50857, -16.32161 
66.181, -25.50857, -16.32161 
66.221, -25.50954, -16.32221 
66.141, -25.50857, -16.32161 
65.899, -25.50890, -16.32181 
66.161, -25.50890, -16.32181 
66.221, -25.50857, -16.32161 
66.181, -25.50825, -16.32141 
66.181, -25.50761, -16.32100 
66.161, -25.50857, -16.32161 
66.141, -25.50857, -16.32161 
66.201, -25.50825, -16.32141 
66.141, -23.46728, -15.30818 
66.141, -25.50954, -16.32221 
66.100, -25.50890, -16.32181 
66.201, -23.46818, -15.30879 
66.80, -25.50857, -16.32161 
66.201, -25.50922, -16.32201 
66.221, -25.50825, -16.32141 
66.80, -25.50825, -16.32141 
66.141, -25.50890, -16.32181 
66.181, -25.50890, -16.32181 
66.161, -25.50857, -16.32161 
66.141, -23.46788, -15.30858 
66.141, -25.50857, -16.32161 
66.120, -25.50890, -16.32181 
66.181, -25.50857, -16.32161 
66.181, -25.50793, -16.32120 
66.120, -25.50922, -16.32201 
66.201, -25.50825, -16.32141 
66.201, -25.50793, -16.32120 
66.161, -25.50857, -16.32161 
66.181, -25.50857, -16.32161 
66.120, -25.50857, -16.32161 
66.201, -25.50825, -16.32141 
66.141, -25.50954, -16.32221 
66.201, -25.50954, -16.32221 
66.141, -25.50857, -16.32161 
66.141, -25.50825, -16.32141 
66.161, -25.50761, -16.32100 
66.181, -25.50825, -16.32141 
66.120, -25.50761, -16.32100 
66.100, -25.50825, -16.32141 
66.181, -25.50761, -16.32100 
66.161, -25.50857, -16.32161 
66.120, -25.50825, -16.32141 
66.141, -25.50922, -16.32201 
66.100, -25.50793, -16.32120 
66.181, -25.50793, -16.32120 
66.181, -25.50825, -16.32141 
66.141, -25.50890, -16.32181 
66.161, -25.50890, -16.32181 
66.161, -25.50857, -16.32161 
66.181, -25.50793, -16.32120 
66.161, -25.50825, -16.32141 
66.181, -25.50857, -16.32161 
66.141, -25.50857, -16.32161 
66.100, -25.50857, -16.32161 
66.141, -25.50825, -16.32141 
66.161, -25.50857, -16.32161 
66.120, -25.50857, -16.32161 
66.181, -25.50793, -16.32120 
66.60, -25.50793, -16.32120 
66.181, -25.50632, -16.32020 
66.201, -25.50825, -16.32141 
66.161, -25.50696, -16.32060 
65.899, -25.50890, -16.32181 
66.201, -25.50825, -16.32141 
66.161, -25.50825, -16.32141 
66.161, -25.50793, -16.32120 
66.141, -25.50761, -16.32100 
66.161, -25.50825, -16.32141 
66.141, -25.50857, -16.32161 
66.100, -25.50761, -16.32100 
65.899, -25.50825, -16.32141 
66.120, -25.50857, -16.32161 
66.141, -25.50954, -16.32221 
66.221, -25.50825, -16.32141 
66.181, -25.50857, -16.32161 
66.181, -25.50857, -16.32161 
66.141, -25.50890, -16.32181 
66.181, -25.50793, -16.32120 
66.181, -23.46728, -15.30818 
66.161, -25.50857, -16.32161 
66.120, -25.50825, -16.32141 
66.120, -23.46788, -15.30858 
66.161, -25.50922, -16.32201 
66.161, -25.50890, -16.32181 
66.181, -25.50825, -16.32141 
66.161, -25.50825, -16.32141 
66.161, -25.50825, -16.32141 
66.141, -25.50825, -16.32141 
66.80, -25.50825, -16.32141 
66.141, -23.46697, -15.30798 
66.120, -25.50890, -16.32181 
66.161, -25.50857, -16.32161 
66.161, -25.50890, -16.32181 
66.120, -25.50857, -16.32161 
66.201, -25.50857, -16.32161 
66.161, -25.50857, -16.32161 
66.161, -25.50825, -16.32141 
66.181, -25.50954, -16.32221 
66.141, -25.50825, -16.32141 
66.141, -25.50857, -16.32161 
66.141, -25.50857, -16.32161 
66.141, -25.50890, -16.32181 
66.141, -25.50890, -16.32181 
66.161, -25.50954, -16.32221 
66.120, -25.50793, -16.32120 
66.161, -25.50857, -16.32161 
66.181, -25.50922, -16.32201 
66.181, -25.50793, -16.32120 
66.161, -25.50890, -16.32181 
66.241, -25.50890, -16.32181 
66.181, -25.50728, -16.32080 
66.161, -25.50793, -16.32120 
66.141, -25.50825, -16.32141 
66.120, -25.50922, -16.32201 
66.161, -25.50857, -16.32161 
66.100, -25.50793, -16.32120 
66.161, -25.50986, -16.32241 
66.181, -25.50793, -16.32120 
66.120, -25.50793, -16.32120 
66.241, -25.50922, -16.32201 
66.141, -25.50825, -16.32141 
66.120, -25.50857, -16.32161 
66.100, -25.50922, -16.32201 
66.201, -25.50857, -16.32161 
66.161, -25.50793, -16.32120 
66.161, -25.50922, -16.32201 
66.80, -25.50825, -16.32141 
66.141, -25.50793, -16.32120 
66.100, -25.50793, -16.32120 
66.161, -25.50825, -16.32141 
66.201, -25.50922, -16.32201 
66.141, -25.50857, -16.32161 
66.141, -25.50857, -16.32161 
66.161, -25.50825, -16.32141 
66.181, -25.50857, -16.32161 
66.161, -25.50857, -16.32161 
66.120, -25.50857, -16.32161 
66.161, -25.50890, -16.32181 
66.141, -25.50922, -16.32201 
66.100, -25.50890, -16.32181 
65.838, -26.52051, -16.32282 
66.141, -25.50890, -16.32181 
66.80, -25.50857, -16.32161 
66.161, -25.50857, -16.32161 
66.181, -25.50793, -16.32120 
66.161, -25.50793, -16.32120 
66.120, -25.50857, -16.32161 
66.181, -25.50825, -16.32141 
66.141, -23.46818, -15.30879 
66.120, -25.50922, -16.32201 
66.120, -25.50857, -16.32161 
65.838, -25.50890, -16.32181 
66.141, -25.50825, -16.32141 
66.221, -25.50857, -16.32161 
66.120, -25.50761, -16.32100 
66.181, -25.50857, -16.32161 
66.181, -25.50825, -16.32141 
66.221, -25.50890, -16.32181 
66.181, -25.50761, -16.32100 
66.161, -23.46818, -15.30879 
66.181, -25.50922, -16.32201 
66.161, -25.50890, -16.32181 
66.161, -25.50922, -16.32201 
66.80, -25.50825, -16.32141 
66.181, -25.50793, -16.32120 
66.120, -25.50857, -16.32161 
66.161, -25.50793, -16.32120 
66.100, -25.50825, -16.32141 
66.120, -25.50857, -16.32161 
66.141, -25.50825, -16.32141 
66.161, -25.50825, -16.32141 
66.181, -25.50825, -16.32141 
66.161, -25.50857, -16.32161 
66.181, -25.50825, -16.32141 
66.141, -25.50825, -16.32141 
66.141, -25.50825, -16.32141 
66.120, -25.50664, -16.32040 
66.181, -25.50825, -16.32141 
66.141, -25.50825, -16.32141 
66.161, -25.50890, -16.32181 
66.201, -25.50857, -16.32161 
66.201, -25.50857, -16.32161 
66.181, -25.50890, -16.32181 
66.141, -25.50890, -16.32181 
66.161, -25.50890, -16.32181 
66.80, -25.50890, -16.32181 
66.201, -25.50857, -16.32161 
66.161, -25.50922, -16.32201 
66.80, -25.50761, -16.32100 
66.141, -25.50793, -16.32120 
66.181, -25.50793, -16.32120 
66.141, -25.50761, -16.32100 
66.141, -25.50825, -16.32141 
66.141, -25.50825, -16.32141 
66.161, -25.50825, -16.32141 
66.161, -25.50857, -16.32161 
66.141, -25.50825, -16.32141 
66.141, -25.50825, -16.32141 
66.120, -25.50761, -16.32100 
66.201, -25.50825, -16.32141 
66.141, -25.50857, -16.32161 
66.141, -25.50761, -16.32100 
66.141, -25.50890, -16.32181 
66.161, -25.50793, -16.32120 
66.141, -25.50890, -16.32181 
66.201, -25.50857, -16.32161 
66.181, -25.50922, -16.32201 
66.161, -25.50922, -16.32201 
66.161, -25.50728, -16.32080 
66.80, -25.50761, -16.32100 
65.818, -25.50761, -16.32100 
66.141, -25.50890, -16.32181 
66.161, -25.50857, -16.32161 
66.181, -25.50890, -16.32181 
66.161, -25.50825, -16.32141 
66.141, -25.50761, -16.32100 
66.141, -25.50890, -16.32181 
66.161, -25.50825, -16.32141 
66.161, -23.46758, -15.30838 
66.60, -25.50793, -16.32120 
66.80, -25.50793, -16.32120 
65.879, -25.50857, -16.32161 
66.181, -25.50825, -16.32141 
66.201, -25.50857, -16.32161 
66.141, -25.50825, -16.32141 
66.181, -25.50890, -16.32181 
66.322, -25.50890, -16.32181 
66.201, -25.50825, -16.32141 
66.141, -25.50825, -16.32141 
66.181, -23.46848, -15.30899 
66.120, -25.50890, -16.32181 
66.120, -25.50857, -16.32161 
66.141, -25.50825, -16.32141 
66.161, -25.50793, -16.32120 
66.161, -25.50857, -16.32161 
66.161, -25.50728, -16.32080 
66.161, -25.50986, -16.32241 
66.181, -25.50825, -16.32141 
66.161, -25.50825, -16.32141 
66.161, -25.50761, -16.32100 
66.181, -25.50857, -16.32161 
66.161, -25.50825, -16.32141 
66.80, -25.50922, -16.32201 
66.100, -25.50728, -16.32080 
66.60, -25.50857, -16.32161 
66.141, -25.50890, -16.32181 
66.141, -25.50890, -16.32181 
66.161, -25.50857, -16.32161 
66.161, -25.50857, -16.32161 
66.141, -25.50761, -16.32100 
66.161, -25.50890, -16.32181 
66.120, -25.50825, -16.32141 
66.120, -25.50825, -16.32141 
66.100, -25.50793, -16.32120 
66.181, -25.50793, -16.32120 
66.120, -25.50857, -16.32161 
66.141, -25.50793, -16.32120 
66.161, -25.50857, -16.32161 
66.201, -25.50793, -16.32120 
66.120, -25.50857, -16.32161 
66.161, -25.50793, -16.32120 
66.201, -25.50922, -16.32201 
66.141, -25.50857, -16.32161 
66.161, -25.50890, -16.32181 
66.181, -25.50825, -16.32141 
66.40, -25.50825, -16.32141 
66.120, -25.50761, -16.32100 
66.120, -25.50761, -16.32100 
66.120, -25.50857, -16.32161 
66.141, -25.50922, -16.32201 
66.221, -25.50825, -16.32141 
66.201, -25.50857, -16.32161 
66.141, -25.50857, -16.32161 
66.120, -25.50890, -16.32181 
66.161, -25.50825, -16.32141 
66.100, -25.50825, -16.32141 
66.120, -25.50761, -16.32100 
66.120, -25.50857, -16.32161 
66.181, -25.50793, -16.32120 
66.120, -25.50793, -16.32120 
65.858, -25.50825, -16.32141 
66.141, -25.50825, -16.32141 
66.161, -25.50761, -16.32100 
66.161, -25.50825, -16.32141 
66.80, -25.50857, -16.32161 
66.161, -25.50825, -16.32141 
66.120, -25.50890, -16.32181 
66.141, -25.50825, -16.32141 
66.141, -23.46788, -15.30858 
66.181, -25.50954, -16.32221 
66.161, -25.50922, -16.32201 
65.838, -25.50890, -16.32181 
66.120, -25.50761, -16.32100 
66.161, -26.52051, -16.32282 
66.141, -25.50825, -16.32141 
66.161, -25.50825, -16.32141 
66.120, -25.50825, -16.32141 
66.181, -25.50986, -16.32241 
66.181, -25.50857, -16.32161 
66.161, -23.46818, -15.30879 
66.181, -25.50922, -16.32201 
66.181, -25.50857, -16.32161 
66.141, -25.50857, -16.32161 
66.201, -25.50825, -16.32141 
66.161, -25.50825, -16.32141 
66.141, -25.50728, -16.32080 
66.141, -25.50825, -16.32141 
66.161, -25.50890, -16.32181 
66.161, -25.50793, -16.32120 
66.80, -25.50793, -16.32120 
66.201, -25.50922, -16.32201 
66.161, -25.50890, -16.32181 
66.181, -25.50890, -16.32181 
66.161, -25.50793, -16.32120 
66.161, -25.50922, -16.32201 
66.201, -25.50890, -16.32181 
66.161, -25.50857, -16.32161 
66.120, -25.50728, -16.32080 
66.141, -25.50825, -16.32141 
66.241, -25.50793, -16.32120 
66.120, -25.50857, -16.32161 
66.141, -25.50793, -16.32120 
66.141, -25.50761, -16.32100 
66.141, -25.50793, -16.32120 
66.181, -25.50986, -16.32241 
66.141, -25.50825, -16.32141 
66.161, -25.50857, -16.32161 
66.120, -25.50857, -16.32161 
66.201, -25.50890, -16.32181 
66.161, -25.50793, -16.32120 
66.201, -25.50890, -16.32181 
66.120, -25.50761, -16.32100 
66.161, -25.50857, -16.32161 
66.181, -25.50857, -16.32161 
66.120, -25.50922, -16.32201 
66.181, -25.50761, -16.32100 
66.161, -25.50954, -16.32221 
66.181, -25.50890, -16.32181 
66.161, -25.50922, -16.32201 
66.120, -25.50793, -16.32120 
66.161, -25.50761, -16.32100 
66.141, -25.50857, -16.32161 
66.181, -25.50664, -16.32040 
66.120, -26.52019, -16.32261 
66.161, -25.50825, -16.32141 
66.161, -25.50825, -16.32141 
66.141, -25.50825, -16.32141 
66.120, -25.50793, -16.32120 
66.80, -25.50793, -16.32120 
66.161, -25.50922, -16.32201 
65.899, -25.50922, -16.32201 
66.161, -25.50825, -16.32141 
66.181, -25.50890, -16.32181 
66.181, -25.50825, -16.32141 
66.181, -25.50728, -16.32080 
66.201, -25.50793, -16.32120 
66.141, -25.50922, -16.32201 
66.181, -25.50825, -16.32141 
66.221, -25.50890, -16.32181 
66.181, -25.50890, -16.32181 
66.161, -25.50857, -16.32161 
65.858, -25.50890, -16.32181 
66.181, -25.50825, -16.32141 
66.181, -25.50761, -16.32100 
66.181, -25.50825, -16.32141 
66.161, -25.50728, -16.32080 
66.120, -25.50825, -16.32141 
66.161, -25.50825, -16.32141 
66.100, -25.50825, -16.32141 
66.161, -23.46788, -15.30858 
66.120, -25.50890, -16.32181 
66.141, -25.50825, -16.32141 
66.181, -25.50825, -16.32141 
66.181, -25.50825, -16.32141 
66.100, -25.50922, -16.32201 
66.161, -25.50761, -16.32100 
66.141, -25.50890, -16.32181 
66.181, -23.46818, -15.30879 
66.181, -25.50857, -16.32161 
66.100, -25.50890, -16.32181 
66.181, -25.50890, -16.32181 
66.161, -25.50890, -16.32181 
66.161, -25.50857, -16.32161 
66.161, -25.50857, -16.32161 
66.120, -25.50857, -16.32161 
66.201, -25.50890, -16.32181 
66.181, -25.50857, -16.32161 
66.120, -25.50825, -16.32141 
66.161, -25.50890, -16.32181 
66.161, -25.50922, -16.32201 
66.161, -25.50890, -16.32181 
66.161, -25.50922, -16.32201 
66.141, -25.50857, -16.32161 
66.161, -25.50890, -16.32181 
66.141, -25.50857, -16.32161 
66.181, -25.50793, -16.32120 
66.141, -25.50922, -16.32201 
66.141, -25.50793, -16.32120 
66.141, -25.50793, -16.32120 
66.181, -25.50728, -16.32080 
66.120, -25.50857, -16.32161 
66.141, -25.50857, -16.32161 
66.141, -25.50825, -16.32141 
66.141, -25.50857, -16.32161 
66.100, -25.50986, -16.32241 
66.141, -25.50825, -16.32141 
66.100, -25.50825, -16.32141 
66.161, -25.50890, -16.32181 
66.141, -25.50825, -16.32141 
66.161, -25.50761, -16.32100 
66.161, -25.50793, -16.32120 
66.161, -25.50890, -16.32181 
66.161, -25.50857, -16.32161 
66.161, -25.50857, -16.32161 
66.161, -25.50857, -16.32161 
66.161, -25.50857, -16.32161 
66.141, -25.50890, -16.32181 
66.141, -25.50825, -16.32141 
66.181, -25.50857, -16.32161 
66.120, -25.50825, -16.32141 
65.879, -25.50922, -16.32201 
66.201, -25.50825, -16.32141 
66.201, -25.50857, -16.32161 
66.161, -25.50857, -16.32161 
66.161, -25.50922, -16.32201 
66.161, -25.50825, -16.32141 
66.181, -25.50890, -16.32181 
66.141, -25.50857, -16.32161 
65.838, -25.50890, -16.32181 
66.161, -25.50890, -16.32181 
66.141, -25.50857, -16.32161 
65.879, -25.50793, -16.32120 
66.141, -25.50793, -16.32120 
66.221, -25.50793, -16.32120 
66.100, -25.50857, -16.32161 
66.221, -25.50986, -16.32241 
66.141, -25.50793, -16.32120 
66.161, -25.50922, -16.32201 
66.161, -25.50857, -16.32161 
66.60, -23.46848, -15.30899 
66.141, -25.50890, -16.32181 
66.181, -25.50890, -16.32181 
66.181, -25.50793, -16.32120 
66.100, -25.50857, -16.32161 
66.141, -25.50954, -16.32221 
66.141, -25.50857, -16.32161 
66.161, -25.50857, -16.32161 
66.141, -23.46758, -15.30838 
66.181, -25.50857, -16.32161 
66.161, -25.50857, -16.32161 
66.181, -25.50857, -16.32161 
66.161, -25.50825, -16.32141 
66.201, -25.50825, -16.32141 
66.221, -25.50890, -16.32181 
66.161, -25.50857, -16.32161 
66.201, -25.50857, -16.32161 
66.141, -25.50890, -16.32181 
66.141, -25.50857, -16.32161 
66.181, -25.50825, -16.32141 
66.181, -25.50825, -16.32141 
66.141, -25.50890, -16.32181 
66.141, -25.50825, -16.32141 
66.241, -25.50825, -16.32141 
66.141, -25.50857, -16.32161 
66.181, -25.50793, -16.32120 
66.141, -25.50793, -16.32120 
66.141, -25.50922, -16.32201 
66.201, -25.50857, -16.32161 
66.141, -25.50825, -16.32141 
66.181, -25.50793, -16.32120 
66.120, -25.50890, -16.32181 
66.201, -25.50954, -16.32221 
66.141, -25.50793, -16.32120 
66.161, -25.50857, -16.32161 
66.120, -25.50825, -16.32141 
66.161, -25.50793, -16.32120 
66.100, -25.50825, -16.32141 
66.161, -25.50890, -16.32181 
66.120, -25.50857, -16.32161 
66.141, -25.50793, -16.32120 
66.141, -25.50825, -16.32141 
66.161, -25.50857, -16.32161 
66.161, -25.50825, -16.32141 
66.120, -25.50761, -16.32100 
66.141, -25.50857, -16.32161 
66.181, -25.50890, -16.32181 
66.141, -25.50857, -16.32161 
66.141, -25.50793, -16.32120 
66.201, -25.50825, -16.32141 
66.141, -25.50890, -16.32181 
65.899, -25.50696, -16.32060 
66.141, -25.50825, -16.32141 
66.221, -25.50825, -16.32141 
66.201, -25.50825, -16.32141 
65.979, -25.50890, -16.32181 
66.80, -25.50825, -16.32141 
66.161, -25.50890, -16.32181 
66.120, -25.50793, -16.32120 
65.838, -25.50793, -16.32120 
66.161, -25.50825, -16.32141 
66.161, -25.50857, -16.32161 
65.879, -25.50857, -16.32161 
66.161, -25.50793, -16.32120 
66.100, -25.50825, -16.32141 
66.141, -25.50793, -16.32120 
66.201, -25.50857, -16.32161 
66.201, -25.50857, -16.32161 
66.100, -25.50922, -16.32201 
66.161, -25.50857, -16.32161 
66.181, -23.46818, -15.30879 
66.120, -25.50793, -16.32120 
66.201, -25.50857, -16.32161 
66.181, -25.50954, -16.32221 
66.141, -25.50922, -16.32201 
66.181, -25.50857, -16.32161 
66.181, -25.50825, -16.32141 
66.161, -25.50793, -16.32120 
66.161, -23.46788, -15.30858 
66.181, -25.50825, -16.32141 
66.141, -25.50793, -16.32120 
66.120, -25.50857, -16.32161 
66.161, -25.50890, -16.32181 
66.201, -25.50728, -16.32080 
66.100, -25.50890, -16.32181 
66.181, -25.50793, -16.32120 
66.80, -25.50857, -16.32161 
66.261, -25.50825, -16.32141 
66.141, -25.50825, -16.32141 
66.161, -25.50761, -16.32100 
66.120, -25.50825, -16.32141 
66.161, -25.50890, -16.32181 
66.161, -25.50890, -16.32181 
66.141, -25.50922, -16.32201 
66.141, -25.50857, -16.32161 
66.161, -25.50857, -16.32161 
66.201, -25.50890, -16.32181 
66.221, -25.50857, -16.32161 
66.161, -25.50857, -16.32161 
66.161, -25.50793, -16.32120 
66.181, -25.50825, -16.32141 
66.181, -25.50825, -16.32141 
66.141, -25.50857, -16.32161 
66.161, -25.50825, -16.32141 
66.161, -25.50825, -16.32141 
66.141, -25.50954, -16.32221 
66.181, -25.50922, -16.32201 
66.120, -25.50825, -16.32141 
66.181, -25.50857, -16.32161 
66.181, -25.50857, -16.32161 
66.120, -25.50857, -16.32161 
66.141, -25.50793, -16.32120 
66.161, -25.50825, -16.32141 
66.120, -25.50761, -16.32100 
66.141, -25.50793, -16.32120 
66.161, -25.50857, -16.32161 
66.120, -25.50793, -16.32120 
66.120, -25.50825, -16.32141 
66.141, -25.50857, -16.32161 
66.181, -25.50857, -16.32161 
66.141, -25.50825, -16.32141 
66.100, -25.50728, -16.32080 
66.221, -25.50793, -16.32120 
66.201, -25.50825, -16.32141 
66.100, -25.50793, -16.32120 
66.141, -25.50793, -16.32120 
66.161, -25.50793, -16.32120 
66.181, -25.50890, -16.32181 
66.161, -25.50890, -16.32181 
65.858, -25.50857, -16.32161 
66.161, -25.50890, -16.32181 
66.161, -25.50857, -16.32161 
65.858, -25.50857, -16.32161 
66.181, -25.50890, -16.32181 
66.181, -25.50857, -16.32161 
66.221, -25.50857, -16.32161 
66.181, -25.50825, -16.32141 
66.141, -25.50793, -16.32120 
66.100, -25.50890, -16.32181 
66.141, -25.50857, -16.32161 
65.838, -25.50890, -16.32181 
66.120, -25.50857, -16.32161 
66.120, -25.50857, -16.32161 
66.161, -25.50825, -16.32141 
66.141, -25.50728, -16.32080 
66.181, -25.50857, -16.32161 
66.141, -25.50793, -16.32120 
66.100, -25.50825, -16.32141 
66.100, -23.46788, -15.30858 
66.141, -25.50857, -16.32161 
66.161, -25.50825, -16.32141 
66.60, -25.50857, -16.32161 
66.120, -25.50857, -16.32161 
66.141, -26.52051, -16.32282 
66.161, -25.50825, -16.32141 
66.161, -25.50890, -16.32181 
66.161, -25.50890, -16.32181 
66.181, -25.50890, -16.32181 
65.999, -25.50761, -16.32100 
66.141, -23.46909, -15.30939 
66.141, -25.50857, -16.32161 
66.161, -25.50922, -16.32201 
66.100, -25.50986, -16.32241 
66.141, -25.50857, -16.32161 
66.100, -25.50728, -16.32080 
66.161, -25.50793, -16.32120 
66.100, -25.50857, -16.32161 
66.141, -25.50761, -16.32100 
66.161, -25.50793, -16.32120 
66.161, -25.50825, -16.32141 
66.181, -25.50761, -16.32100 
66.141, -25.50825, -16.32141 
66.80, -25.50857, -16.32161 
66.161, -25.50857, -16.32161 
66.161, -25.50825, -16.32141 
66.161, -25.50825, -16.32141 
66.60, -25.50793, -16.32120 
66.120, -25.50761, -16.32100 
66.120, -25.50890, -16.32181 
66.181, -25.50825, -16.32141 
66.221, -25.50825, -16.32141 
66.161, -25.50890, -16.32181 
66.120, -26.52019, -16.32261 
66.181, -25.50825, -16.32141 
66.161, -25.50857, -16.32161 
66.221, -25.50857, -16.32161 
66.141, -25.50922, -16.32201 
66.161, -25.50793, -16.32120 
66.120, -25.50825, -16.32141 
66.181, -25.50890, -16.32181 
66.161, -25.50793, -16.32120 
66.181, -25.50793, -16.32120 
66.80, -25.50825, -16.32141 
66.161, -25.50793, -16.32120 
66.181, -25.50825, -16.32141 
66.141, -25.50890, -16.32181 
66.120, -25.50890, -16.32181 
66.161, -25.50922, -16.32201 
66.141, -25.50793, -16.32120 
65.818, -25.50825, -16.32141 
66.141, -25.50857, -16.32161 
66.201, -25.50793, -16.32120 
65.858, -25.50857, -16.32161 
66.161, -25.50696, -16.32060 
66.161, -25.50825, -16.32141 
66.141, -25.50890, -16.32181 
66.141, -25.50696, -16.32060 
66.141, -25.50825, -16.32141 
66.161, -25.50954, -16.32221 
66.201, -25.50857, -16.32161 
65.858, -25.50857, -16.32161 
66.161, -25.50890, -16.32181 
66.221, -25.50857, -16.32161 
66.201, -25.50857, -16.32161 
66.161, -25.50793, -16.32120 
66.161, -26.52051, -16.32282 
66.161, -25.50890, -16.32181 
66.201, -25.50857, -16.32161 
66.141, -23.46788, -15.30858 
66.100, -25.50890, -16.32181 
66.141, -25.50857, -16.32161 
66.161, -25.50890, -16.32181 
66.141, -25.50825, -16.32141 
66.181, -25.50857, -16.32161 
66.161, -25.50761, -16.32100 
66.141, -25.50728, -16.32080 
66.161, -25.50761, -16.32100 
66.181, -25.50825, -16.32141 
66.161, -25.50825, -16.32141 
66.141, -23.46879, -15.30919 
66.161, -25.50890, -16.32181 
66.120, -25.50890, -16.32181 
66.141, -25.50825, -16.32141 
66.161, -25.50857, -16.32161 
66.161, -25.50857, -16.32161 
66.181, -25.50857, -16.32161 
66.161, -25.50825, -16.32141 
66.120, -25.50857, -16.32161 
66.141, -25.50857, -16.32161 
66.181, -25.50793, -16.32120 
66.201, -25.50793, -16.32120 
66.80, -25.50890, -16.32181 
66.141, -25.50857, -16.32161 
66.201, -25.50857, -16.32161 
66.100, -25.50825, -16.32141 
66.141, -25.50857, -16.32161 
66.181, -25.50890, -16.32181 
66.161, -25.50825, -16.32141 
66.201, -25.50857, -16.32161 
66.141, -25.50761, -16.32100 
66.100, -25.50761, -16.32100 
66.141, -25.50825, -16.32141 
66.80, -25.50857, -16.32161 
66.141, -25.50761, -16.32100 
66.141, -25.50728, -16.32080 
66.120, -25.50857, -16.32161 
66.161, -25.50857, -16.32161 
66.161, -25.50857, -16.32161 
66.181, -25.50664, -16.32040 
66.161, -25.50890, -16.32181 
66.161, -25.50793, -16.32120 
66.120, -25.50857, -16.32161 
66.141, -25.50825, -16.32141 
66.201, -25.50825, -16.32141 
66.161, -25.50793, -16.32120 
66.100, -25.50728, -16.32080 
66.141, -25.50825, -16.32141 
66.120, -25.50857, -16.32161 
66.141, -25.50857, -16.32161 
65.838, -25.50890, -16.32181 
66.161, -25.50825, -16.32141 
66.141, -25.50793, -16.32120 
65.818, -25.50793, -16.32120 
66.161, -25.50825, -16.32141 
66.201, -25.50857, -16.32161 
66.120, -25.50825, -16.32141 
66.141, -25.50825, -16.32141 
66.141, -25.50857, -16.32161 
66.181, -25.50825, -16.32141 
66.120, -25.50890, -16.32181 
65.879, -25.50857, -16.32161 
66.141, -25.50825, -16.32141 
66.141, -25.50857, -16.32161 
66.141, -25.50793, -16.32120 
66.221, -25.50825, -16.32141 
66.181, -25.50825, -16.32141 
66.161, -25.50890, -16.32181 
66.120, -25.50825, -16.32141 
66.201, -23.46728, -15.30818 
66.141, -25.50890, -16.32181 
66.161, -25.50890, -16.32181 
66.161, -25.50890, -16.32181 
66.141, -25.50922, -16.32201 
66.181, -25.50890, -16.32181 
66.181, -25.50922, -16.32201 
66.141, -25.50825, -16.32141 
66.161, -25.50825, -16.32141 
66.161, -25.50793, -16.32120 
66.141, -25.50793, -16.32120 
66.80, -23.46758, -15.30838 
66.80, -25.50890, -16.32181 
66.80, -25.50890, -16.32181 
66.141, -25.50954, -16.32221 
66.161, -25.50922, -16.32201 
66.221, -25.50890, -16.32181 
66.181, -25.50890, -16.32181 
66.201, -25.50857, -16.32161 
66.120, -25.50793, -16.32120 
66.161, -25.50793, -16.32120 
66.120, -25.50857, -16.32161 
66.241, -25.50825, -16.32141 
66.120, -25.50857, -16.32161 
66.161, -25.50857, -16.32161 
66.181, -25.50857, -16.32161 
66.181, -25.50857, -16.32161 
66.40, -25.50857, -16.32161 
66.201, -25.50825, -16.32141 
66.141, -25.50825, -16.32141 
66.141, -25.50825, -16.32141 
66.141, -25.50793, -16.32120 
66.120, -25.50793, -16.32120 
66.181, -25.50890, -16.32181 
66.120, -25.50825, -16.32141 
66.100, -25.50761, -16.32100 
66.141, -25.50793, -16.32120 
66.161, -25.50793, -16.32120 
66.141, -25.50761, -16.32100 
66.100, -25.50793, -16.32120 
66.201, -25.50825, -16.32141 
66.141, -25.50761, -16.32100 
66.181, -25.50825, -16.32141 
66.201, -25.50761, -16.32100 
66.60, -25.50857, -16.32161 
66.181, -25.50857, -16.32161 
66.120, -25.50793, -16.32120 
66.80, -25.50793, -16.32120 
66.20, -25.50825, -16.32141 
66.141, -25.50857, -16.32161 
66.141, -25.50857, -16.32161 
65.919, -25.50825, -16.32141 
66.141, -25.50857, -16.32161 
66.120, -25.50890, -16.32181 
66.181, -25.50825, -16.32141 
66.120, -25.50857, -16.32161 
66.201, -25.50857, -16.32161 
66.161, -25.50890, -16.32181 
66.141, -25.50825, -16.32141 
66.161, -25.50825, -16.32141 
66.40, -25.50922, -16.32201 
66.80, -25.50857, -16.32161 
65.818, -25.50857, -16.32161 
66.120, -25.50825, -16.32141 
66.161, -25.50857, -16.32161 
66.161, -25.50857, -16.32161 
66.181, -25.50728, -16.32080 
66.161, -25.50857, -16.32161 
66.141, -25.50825, -16.32141 
66.141, -25.50728, -16.32080 
66.120, -23.46758, -15.30838 
66.80, -25.50857, -16.32161 
66.120, -25.50857, -16.32161 
66.141, -25.50761, -16.32100 
66.181, -25.50825, -16.32141 
66.120, -25.50890, -16.32181 
66.161, -25.50857, -16.32161 
66.181, -25.50825, -16.32141 
66.221, -23.46788, -15.30858 
66.161, -25.50793, -16.32120 
66.141, -25.50857, -16.32161 
66.201, -23.46728, -15.30818 
66.141, -25.50857, -16.32161 
66.181, -25.50793, -16.32120 
66.100, -25.50825, -16.32141 
66.181, -25.50825, -16.32141 
66.141, -25.50793, -16.32120 
66.141, -25.50890, -16.32181 
66.141, -25.50761, -16.32100 
66.181, -25.50890, -16.32181 
66.141, -25.50761, -16.32100 
66.80, -25.50890, -16.32181 
66.100, -25.50793, -16.32120 
66.161, -25.50793, -16.32120 
66.120, -25.50825, -16.32141 
61.446, -14.28437, -12.24031 
48.150, 0.155, 1.305 
40.434, 7.959, 8.699 
42.891, 6.300, 7.571 
55.241, 0.959, -4.8496 
70.492, -37.74979, -19.38989 
73.172, -53.106110, -23.46091 
69.82, -36.72639, -19.38283 
64.771, -20.40905, -14.28932 
61.184, -12.24547, -11.22406 
58.847, -7.14158, -8.16948 
57.336, -5.10276, -7.14538 
56.591, -3.6930, -6.12551 
57.316, -4.8099, -6.12833 
58.586, -6.12788, -8.16485 
61.930, -12.24923, -11.22749 
66.584, -25.50890, -16.32181 
70.835, -41.82307, -20.40653 
73.836, -54.108547, -23.46716 
74.139, -57.114982, -24.48159 
71.681, -45.90742, -21.42782 
67.349, -29.58734, -17.34490 
63.300, -17.34447, -13.26421 
60.882, -10.20983, -10.20983 
60.600, -10.20520, -10.20520 
62.10, -13.26167, -11.22970 
64.347, -20.40341, -14.28529 
67.249, -29.58152, -17.34148 
69.767, -37.74213, -19.38586 
71.661, -45.90192, -21.42520 
73.10, -50.100446, -22.44930 
72.829, -50.100402, -22.44910 
70.855, -41.82992, -20.40996 
67.349, -29.58802, -17.34531 
63.179, -17.34395, -13.26380 
59.855, -8.16978, -9.18976 
58.485, -6.12852, -8.16565 
59.593, -8.16615, -9.18573 
62.756, -15.30090, -12.24575 
66.100, -25.50761, -16.32100 
68.538, -33.66260, -18.36478 
68.578, -33.66441, -18.36578 
66.785, -26.52953, -16.32846 
64.86, -19.38861, -14.28186 
61.446, -12.24813, -11.22648 
59.976, -8.16706, -9.18673 
59.190, -8.16235, -9.18150 
59.29, -8.16180, -9.18089 
59.613, -8.16416, -9.18351 
60.399, -10.20439, -10.20439 
62.534, -14.28920, -12.24434 
64.750, -20.40284, -14.28489 
65.838, -23.46728, -15.30818 
65.395, -22.44760, -15.30173 
62.917, -17.34290, -13.26300 
59.915, -10.20097, -10.20097 
57.619, -5.10206, -7.14437 
57.316, -5.10135, -7.14336 
59.29, -7.14126, -8.16908 
61.789, -13.26034, -11.22849 
64.206, -19.38748, -14.28106 
64.690, -20.40651, -14.28750 
63.663, -17.34892, -13.26763 
61.285, -12.24658, -11.22507 
59.271, -8.16470, -9.18412 
58.626, -6.12933, -8.16666 
58.827, -7.14046, -8.16807 
59.915, -8.16942, -9.18935 
60.721, -10.20620, -10.20620 
61.64, -12.24259, -11.22144 
61.426, -12.24502, -11.22366 
61.124, -12.24236, -11.22124 
60.761, -10.20721, -10.20721 
59.673, -8.16815, -9.18794 
58.324, -6.12836, -8.16545 
57.377, -5.10234, -7.14478 
57.34, -4.8172, -6.12954 
57.820, -5.10417, -7.14739 
58.989, -7.14126, -8.16908 
59.734, -8.16742, -9.18714 
59.250, -8.16398, -9.18331 
57.236, -5.10121, -7.14316 
55.80, -2.4590, -5.10181 
53.871, -1.2653, -4.8133 
54.758, -1.2677, -4.8194 
56.873, -4.8015, -6.12692 
56.369, -3.6894, -6.12490 
54.415, -1.2774, -4.8435 
52.945, 0.901, -3.6005 
53.65, 0.962, -3.6206 
54.214, -1.2613, -4.8032 
54.113, -1.2149, -3.6831 
53.811, -1.2155, -3.6851 
53.569, -1.2082, -3.6609 
52.622, 0.568, -2.4844 
52.804, 0.568, -2.4844 
53.65, -1.2028, -3.6428 
53.529, -1.2004, -3.6347 
53.468, -1.2034, -3.6448 
52.884, 0.576, -2.4884 
53.65, 0.580, -2.4904 
53.549, -1.2605, -4.8012 
54.516, -1.2846, -4.8617 
54.899, -1.2951, -4.8879 
54.254, -1.2854, -4.8637 
54.73, -1.2621, -4.8053 
54.32, -1.2637, -4.8093 
54.576, -1.2927, -4.8818 
55.785, -2.4832, -5.10664 
55.120, -1.2131, -3.6771 
55.20, -1.2107, -3.6690 
54.93, -1.2661, -4.8153 
55.282, -2.4620, -5.10241 
55.120, -2.4580, -5.10161 
53.388, -1.2161, -3.6871 
52.884, 0.901, -3.6005 
53.569, -1.2070, -3.6569 
53.871, -1.2125, -3.6750 
53.106, -1.2010, -3.6368 
51.836, 0.165, -1.2655 
51.474, 0.125, -1.2252 
51.978, 0.183, -1.2836 
52.219, 0.447, -2.4239 
51.836, 0.191, -1.2917 
50.970, 0. 0, 0.950 
50.164, 0. 0, 0.507 
51.152, 0. 0, 0.326 
50.285, 0. 0, 0.305 
50.84, 0. 0, 0.104 
49.721, 0.20, 0.278 
49.862, 0.92, 0.419 
49.540, 0.178, 0.500 
49.399, 0.293, 0.580 
49.76, 0.426, 0.842 
48.996, 0.721, 1.23 
48.956, 0.935, 1.64 
48.996, 1. 0, 0.923 
49.479, 1. 0, 0.560 
48.895, 1.106, 1.64 
48.230, 1.174, 1.749 
48.29, 1.193, 1.930 
48.150, 1.180, 1.809 
48.371, 1.166, 1.668 
48.472, 1.162, 1.628 
48.432, 1.154, 1.547 
48.573, 1.146, 1.467 
48.613, 1.108, 1.84 
48.391, 1.142, 1.426 
48.512, 1.148, 1.487 
48.532, 1.146, 1.467 
48.815, 1.112, 1.124 
49.197, 1. 0, 0.802 
49.499, 1. 0, 0.479 
49.701, 1. 0, 0.318 
49.862, 1. 0, 0.137 
50.144, 0.994, 0.124 
50.265, 0.953, 0.205 
50.366, 0.898, 0.285 
50.326, 0.838, 0.426 
50.648, 0.751, 0.587 
51.51, 0.592, 0.990 
51.293, 0.240, -1.2293 
51.71, 0.10, -1.2232 
50.930, 0. 0, 0.829 
50.829, 0. 0, 0.829 
50.910, 0. 0, 0.869 
50.890, 0. 0, 0.950 
50.809, 0. 0, 0.749 
50.527, 0. 0, 0.628 
50.326, 0. 0, 0.446 
50.184, 0. 0, 0.265 
49.963, 0. 0, 0.23 
49.661, 0.29, 0.258 
49.540, 0.108, 0.500 
49.379, 0.212, 0.560 
49.358, 0.327, 0.661 
49.197, 0.465, 0.822 
48.935, 0.756, 1.104 
48.673, 1.14, 1.346 
48.653, 1.136, 1.366 
48.633, 1.138, 1.386 
48.210, 1.136, 1.366 
48.613, 1.136, 1.366 
48.653, 1.126, 1.265 
48.794, 1.124, 1.245 
48.976, 1.126, 1.265 
48.935, 1.106, 1.64 
48.935, 1.106, 1.64 
49.137, 1. 0, 0.963 
49.258, 1. 0, 0.681 
49.580, 1. 0, 0.479 
49.641, 1. 0, 0.379 
49.721, 1. 0, 0.278 
49.661, 1. 0, 0.600 
49.741, 1. 0, 0.217 
49.902, 1. 0, 0.76 
50.225, 0.990, 0.285 
50.366, 0.905, 0.487 
49.983, 0.861, 0.36 
49.741, 0.891, 0.258 
49.983, 0.918, 0.117 
50.265, 0.890, 0.245 
50.487, 0.821, 0.628 
50.84, 0.779, 0.184 
50. 3, 0.773, 0.23 
50.43, 0.776, 0.43 
50.84, 0.764, 0.104 
50.43, 0.743, 0.43 
49.943, 0.747, 0.36 
49.842, 0.769, 0.117 
49.782, 0.798, 0.137 
49.822, 0.827, 0.117 
49.862, 0.858, 0.197 
49.902, 0.886, 0.117 
49.822, 0.909, 0.137 
49.741, 0.942, 0.197 
49.600, 1. 0, 0.419 
49.600, 1. 0, 0.358 
49.620, 1. 0, 0.379 
49.641, 1. 0, 0.358 
49.681, 1. 0, 0.278 
49.620, 1. 0, 0.379 
49.540, 1. 0, 0.520 
49.358, 1. 0, 0.620 
49.278, 1. 0, 0.681 
49.278, 1. 0, 0.721 
49.258, 1. 0, 0.761 
48.553, 1. 0, 0.822 
49.56, 1. 0, 0.822 
49.217, 1. 0, 0.822 
49.117, 1. 0, 0.943 
49.56, 1. 0, 0.923 
49.117, 1. 0, 0.923 
49.76, 1. 0, 0.882 
49.238, 1. 0, 0.802 
49.258, 1. 0, 0.721 
49.318, 1. 0, 0.641 
49.419, 1. 0, 0.560 
49.499, 1. 0, 0.338 
49.298, 1. 0, 0.117 
49.701, 1. 0, 0.258 
49.842, 1. 0, 0.217 
49.923, 0.999, 0.23 
50.164, 0.984, 0.164 
50.265, 0.938, 0.225 
50.346, 0.882, 0.386 
50.386, 0.830, 0.326 
50.527, 0.755, 0.446 
50.527, 0.663, 0.527 
50.567, 0.561, 0.527 
50.446, 0.461, 0.547 
50.487, 0.371, 0.487 
50.305, 0.291, 0.386 
50.346, 0.220, 0.386 
50.245, 0.159, 0.285 
50.144, 0.118, 0.164 
50.23, 0.98, 0.64 
49.923, 0.97, 0.76 
49.741, 0.123, 0.197 
49.641, 0.179, 0.379 
49.479, 0.260, 0.479 
49.419, 0.368, 0.620 
49.238, 0.495, 0.721 
49.238, 0.642, 0.761 
49.56, 0.809, 0.923 
49.36, 1.112, 1.124 
49.157, 1.110, 1.104 
48.956, 1.106, 1.64 
48.774, 1.128, 1.285 
48.754, 1.134, 1.346 
48.835, 1.106, 1.64 
49.76, 1. 0, 0.902 
49.97, 1. 0, 0.923 
49.76, 1.132, 1.326 
49.76, 1.126, 1.265 
49.157, 1. 0, 0.842 
49.258, 1. 0, 0.661 
49.358, 1. 0, 0.580 
49.459, 1. 0, 0.540 
49.540, 1. 0, 0.500 
49.600, 1. 0, 0.358 
49.681, 1. 0, 0.197 
49.822, 1. 0, 0.177 
49.822, 1. 0, 0.177 
49.862, 1. 0, 0.117 
49.963, 1. 0, 0.36 
50.124, 0.991, 0.64 
50.84, 0.973, 0.104 
50.124, 0.977, 0.104 
50.144, 0.956, 0.84 
50.205, 0.924, 0.184 
50.184, 0.885, 0.205 
50.84, 0.848, 0.164 
50.164, 0.817, 0.164 
50.205, 0.786, 0.205 
50.205, 0.744, 0.305 
50.245, 0.689, 0.144 
50.144, 0.650, 0.164 
50.104, 0.626, 0.144 
50.124, 0.607, 0.43 
50.23, 0.597, 0. 3 
49.963, 0.593, 0.36 
49.963, 0.611, 0.16 
49.842, 0.631, 0.157 
49.862, 0.662, 0.137 
49.641, 0.712, 0.278 
49.560, 0.779, 0.379 
49.540, 0.863, 0.459 
49.399, 0.964, 0.560 
49.399, 1. 0, 0.500 
49.278, 1. 0, 0.620 
49.117, 1. 0, 0.782 
48.996, 1. 0, 0.902 
49.56, 1.100, 1. 3 
49.76, 1. 0, 0.923 
49.36, 1. 0, 0.963 
48.996, 1.100, 1. 3 
48.714, 1.102, 1.23 
48.996, 1. 0, 0.943 
49.97, 1. 0, 0.943 
49.76, 1. 0, 0.882 
49.137, 1. 0, 0.943 
49.197, 1. 0, 0.802 
49.278, 1. 0, 0.620 
49.459, 1. 0, 0.600 
49.318, 1. 0, 0.459 
49.661, 1. 0, 0.379 
49.741, 1. 0, 0.258 
49.862, 1. 0, 0.217 
49.882, 0.999, 0. 3 
50.23, 0.986, 0.84 
50.64, 0.968, 0.64 
50.144, 0.943, 0.144 
49.419, 0.918, 0.245 
50.346, 0.862, 0.366 
50.366, 0.798, 0.305 
50.245, 0.743, 0.305 
50.205, 0.697, 0.265 
50.285, 0.651, 0.225 
50.265, 0.611, 0.205 
50.164, 0.574, 0.184 
50.144, 0.562, 0.104 
50.64, 0.554, 0.43 
49.983, 0.557, 0.43 
49.842, 0.573, 0.157 
49.842, 0.601, 0.197 
49.741, 0.648, 0.298 
49.600, 0.709, 0.338 
49.580, 0.778, 0.399 
49.560, 0.856, 0.459 
49.540, 0.949, 0.500 
49.358, 1. 0, 0.600 
49.499, 1. 0, 0.580 
49.379, 1. 0, 0.661 
49.318, 1. 0, 0.782 
49.338, 1. 0, 0.600 
49.439, 1. 0, 0.419 
49.399, 1. 0, 0.560 
49.379, 1. 0, 0.560 
49.358, 1. 0, 0.641 
49.278, 1. 0, 0.641 
49.499, 1. 0, 0.500 
49.520, 1. 0, 0.500 
49.479, 1. 0, 0.540 
49.479, 1. 0, 0.520 
49.479, 1. 0, 0.479 
49.560, 1. 0, 0.479 
49.600, 1. 0, 0.399 
49.580, 1. 0, 0.358 
49.580, 1. 0, 0.500 
49.600, 1. 0, 0.419 
49.560, 1. 0, 0.338 
49.661, 1. 0, 0.399 
50.64, 1. 0, 0.358 
49.782, 1. 0, 0.238 
49.741, 1. 0, 0.217 
49.701, 1. 0, 0.197 
49.822, 1. 0, 0.379 
49.802, 1. 0, 0.177 
49.761, 0.995, 0.238 
49.882, 1. 0, 0.97 
49.943, 1. 0, 0.76 
50. 3, 0.995, 0.23 
50.184, 0.956, 0.184 
49.882, 0.956, 0.197 
49.761, 1. 0, 0.318 
50. 3, 0.999, 0. 3 
50.184, 0.971, 0.285 
50.104, 0.939, 0.338 
49.842, 0.941, 0.137 
49.822, 0.981, 0.217 
49.882, 0.999, 0.43 
50.487, 0.952, 0.507 
49.822, 0.904, 0. 3 
48.613, 0.999, 0.721 
49.76, 1. 0, 0.701 
49.661, 1. 0, 0.358 
49.701, 1. 0, 0.278 
49.560, 1. 0, 0.439 
49.358, 1. 0, 0.620 
49.298, 1. 0, 0.641 
49.258, 1. 0, 0.540 
49.318, 1. 0, 0.741 
49.157, 1.114, 1.144 
49.217, 1. 0, 0.822 
49.298, 1. 0, 0.741 
49.16, 1. 0, 0.681 
49.258, 1. 0, 0.701 
49.338, 1. 0, 0.641 
49.419, 1. 0, 0.580 
49.540, 1. 0, 0.419 
49.499, 1. 0, 0.479 
49.479, 1. 0, 0.600 
49.520, 1. 0, 0.459 
49.802, 1. 0, 0.500 
49.923, 0.999, 0. 3 
49.862, 0.998, 0.23 
49.882, 1. 0, 0.56 
49.943, 0.979, 0.23 
50.366, 0.907, 0.346 
49.963, 0.879, 0.76 
49.822, 0.919, 0.197 
50.124, 0.928, 0.366 
50.164, 0.881, 0.285 
50.305, 0.828, 0.265 
49.963, 0.812, 0.97 
49.802, 0.835, 0.177 
49.943, 0.861, 0.36 
49.943, 0.869, 0. 3 
49.862, 0.883, 0.97 
49.681, 0.920, 0.358 
49.540, 0.988, 0.399 
49.701, 1. 0, 0.298 
49.661, 1. 0, 0.379 
49.600, 1. 0, 0.379 
49.479, 1. 0, 0.500 
49.862, 1. 0, 0.459 
49.560, 1. 0, 0.500 
49.399, 1. 0, 0.318 
49.197, 1. 0, 0.741 
49.419, 1. 0, 0.620 
49.419, 1. 0, 0.379 
49.580, 1. 0, 0.459 
49.439, 1. 0, 0.520 
49.439, 1. 0, 0.580 
49.419, 1. 0, 0.560 
49.479, 1. 0, 0.500 
49.560, 1. 0, 0.439 
49.560, 1. 0, 0.459 
49.540, 1. 0, 0.459 
49.620, 1. 0, 0.399 
49.641, 1. 0, 0.379 
49.600, 1. 0, 0.338 
49.600, 1. 0, 0.358 
49.701, 1. 0, 0.399 
49.761, 1. 0, 0.318 
50.43, 1. 0, 0.258 
49.681, 1. 0, 0.258 
49.701, 1. 0, 0.298 
49.761, 1. 0, 0.197 
49.802, 1. 0, 0.197 
49.782, 1. 0, 0.157 
49.802, 1. 0, 0.238 
49.802, 1. 0, 0.318 
49.902, 1. 0, 0.97 
49.902, 0.998, 0.56 
50.144, 0.998, 0. 3 
50.43, 0.989, 0.84 
52.260, 1. 0, 0.197 
49.902, 1. 0, 0.117 
49.983, 0.995, 0.64 
50.64, 0.983, 0.64 
50.23, 0.991, 0.16 
49.902, 1. 0, 0.439 
49.882, 1. 0, 0.16 
49.822, 1. 0, 0.117 
49.540, 1. 0, 0.238 
49.701, 1. 0, 0.177 
49.741, 1. 0, 0.298 
49.701, 1. 0, 0.338 
49.580, 1. 0, 0.399 
49.479, 1. 0, 0.500 
49.540, 1. 0, 0.560 
49.499, 1. 0, 0.500 
49.479, 1. 0, 0.681 
49.358, 1. 0, 0.661 
49.197, 1. 0, 0.782 
49.298, 1. 0, 0.641 
49.298, 1. 0, 0.721 
49.358, 1. 0, 0.681 
49.318, 1. 0, 0.701 
49.298, 1. 0, 0.620 
49.338, 1. 0, 0.741 
49.338, 1. 0, 0.701 
49.459, 1. 0, 0.540 
49.459, 1. 0, 0.479 
49.600, 1. 0, 0.459 
49.620, 1. 0, 0.379 
49.641, 1. 0, 0.258 
49.721, 1. 0, 0.238 
49.842, 1. 0, 0.177 
49.882, 1. 0, 0.157 
50.104, 1. 0, 0.217 
49.923, 1. 0, 0.97 
50.285, 0.994, 0.164 
50.467, 0.910, 0.487 
49.822, 0.871, 0.137 
49.943, 0.928, 0.439 
49.862, 0.984, 0.117 
50.265, 0.967, 0.245 
50.265, 0.923, 0.265 
49.902, 0.901, 0.16 
49.822, 0.925, 0.197 
49.842, 0.953, 0.117 
49.862, 0.965, 0.36 
49.782, 0.977, 0.137 
49.499, 1. 0, 0.338 
49.681, 1. 0, 0.298 
49.641, 1. 0, 0.278 
49.641, 1. 0, 0.278 
49.641, 1. 0, 0.338 
49.681, 1. 0, 0.298 
49.701, 1. 0, 0.318 
49.580, 1. 0, 0.399 
49.419, 1. 0, 0.600 
49.439, 1. 0, 0.600 
49.520, 1. 0, 0.439 
49.620, 1. 0, 0.358 
49.641, 1. 0, 0.358 
49.520, 1. 0, 0.479 
49.419, 1. 0, 0.520 
49.479, 1. 0, 0.479 
49.560, 1. 0, 0.459 
49.620, 1. 0, 0.278 
49.580, 1. 0, 0.500 
49.298, 1. 0, 0.439 
49.661, 1. 0, 0.439 
49.560, 1. 0, 0.399 
49.600, 1. 0, 0.419 
49.600, 1. 0, 0.399 
49.600, 1. 0, 0.318 
49.661, 1. 0, 0.298 
49.701, 1. 0, 0.358 
49.641, 1. 0, 0.681 
49.641, 1. 0, 0.318 
49.721, 1. 0, 0.358 
49.439, 1. 0, 0.238 
49.761, 1. 0, 0.217 
49.802, 1. 0, 0.217 
49.761, 1. 0, 0.298 
49.842, 1. 0, 0.197 
49.479, 1. 0, 0.56 
49.902, 1. 0, 0.36 
50.43, 0.997, 0.43 
49.983, 0.981, 0.23 
49.701, 1. 0, 0.97 
50.23, 1. 0, 0.36 
50.43, 0.997, 0.43 
49.923, 1. 0, 0.76 
49.882, 1. 0, 0.117 
49.862, 1. 0, 0.238 
49.902, 1. 0, 0.278 
49.882, 1. 0, 0.117 
49.822, 1. 0, 0.197 
49.701, 1. 0, 0.217 
49.620, 1. 0, 0.258 
49.641, 1. 0, 0.358 
49.580, 1. 0, 0.439 
49.560, 1. 0, 0.439 
49.620, 1. 0, 0.379 
49.641, 1. 0, 0.419 
49.540, 1. 0, 0.419 
49.459, 1. 0, 0.520 
49.459, 1. 0, 0.560 
49.540, 1. 0, 0.540 
49.520, 1. 0, 0.479 
49.560, 1. 0, 0.520 
49.560, 1. 0, 0.439 
49.580, 1. 0, 0.358 
49.580, 1. 0, 0.338 
49.600, 1. 0, 0.399 
49.641, 1. 0, 0.358 
49.641, 1. 0, 0.338 
49.842, 1. 0, 0.177 
49.741, 1. 0, 0.298 
49.721, 1.152, 1.527 
49.842, 1. 0, 0.258 
49.923, 1. 0, 0.117 
49.983, 1. 0, 0.56 
49.761, 1. 0, 0.177 
49.822, 1. 0, 0.238 
49.902, 1. 0, 0.76 
50.43, 0.985, 0.36 
50.64, 0.982, 0.124 
49.741, 0.993, 0.258 
49.741, 1. 0, 0.318 
49.741, 1. 0, 0.238 
49.842, 1. 0, 0.97 
49.902, 1. 0, 0.177 
49.721, 1. 0, 0.318 
49.741, 1. 0, 0.258 
49.761, 1. 0, 0.238 
49.641, 1. 0, 0.298 
49.701, 1. 0, 0.358 
49.600, 1. 0, 0.540 
49.419, 1. 0, 0.379 
49.701, 1. 0, 0.379 
49.681, 1. 0, 0.439 
49.560, 1. 0, 0.419 
49.641, 1. 0, 0.358 
49.923, 1. 0, 0.97 
50.829, 0.917, 0.849 
50.970, 0.717, 0.950 
50.43, 0.606, 0.305 
49.983, 0.606, 0.23 
50.769, 0.531, 0.749 
51.595, 0.139, -1.2554 
51.635, 0.165, -1.2655 
51.212, 0.131, -1.2313 
51.353, 0.139, -1.2393 
52.159, 0.199, -1.2998 
52.844, 0.564, -2.4824 
53.327, 0.974, -3.6247 
52.904, -1.2004, -3.6347 
53.65, 0.589, -2.4945 
53.710, -1.2095, -3.6650 
54.838, -1.2903, -4.8758 
55.765, -2.4913, -5.10826 
55.282, -2.4661, -5.10322 
54.597, -1.2863, -4.8657 
55.664, -2.4862, -5.10725 
56.793, -3.6906, -6.12510 
55.141, -2.4570, -5.10141 
54.496, -1.2790, -4.8476 
56.329, -3.6785, -6.12309 
56.712, -5.10149, -7.14357 
54.435, -1.2887, -4.8717 
53.388, 0.584, -2.4924 
55.161, -2.4580, -5.10161 
58. 1, -5.10573, -7.14961 
54.818, -1.2911, -4.8778 
51.615, 0.115, -1.2152 
52.783, 0.480, -2.4401 
56.269, -3.6809, -6.12349 
56.269, -3.6785, -6.12309 
51.675, 0.173, -1.2736 
50.245, 0. 2, 0.137 
52.743, 0.548, -2.4743 
56.27, -2.4943, -5.10886 
54.335, -1.2010, -3.6368 
50.789, 0. 0, 0.910 
50.587, 0.111, -1.2111 
53.972, -1.2637, -4.8093 
55.664, -2.4761, -5.10523 
54.315, -1.2107, -3.6690 
51.716, 0.415, -2.4078 
53.206, 0.992, -3.6307 
55.785, -2.4661, -5.10322 
56.128, -2.4832, -5.10664 
53.388, 0.992, -3.6307 
53.448, -1.2082, -3.6609 
56.249, -3.6604, -6.12007 
57.34, -4.8980, -7.14115 
52.199, -1.2046, -3.6489 
51.857, 0.171, -1.2716 
55.362, -1.2999, -4.8999 
58.62, -5.10347, -7.14639 
54.93, -1.2113, -3.6710 
50.124, 0. 0, 0.245 
51.695, 0.167, -1.2675 
55.926, -2.4933, -5.10866 
56.47, -3.6846, -6.12410 
51.10, 0.129, -1.2293 
48.391, 0.265, 1.366 
50.749, 0.256, 0.608 
54.12, -1.2726, -4.8315 
54.113, -1.2629, -4.8073 
50.769, 0.113, -1.2131 
49.157, 0.79, 0.882 
50.446, 0.172, 0.64 
52.985, 0.548, -2.4743 
53. 5, 0.992, -3.6307 
51.434, 0.149, -1.2494 
50.285, 0. 0, 0.628 
51.534, 0.135, -1.2353 
53.106, 0.593, -2.4965 
53.347, -1.2125, -3.6750 
53.45, 0.931, -3.6106 
51.675, 0.171, -1.2716 
50.144, 0. 0, 0.16 
49.399, 0.71, 0.620 
48.794, 0.230, 0.902 
49.278, 0.381, 0.681 
49.419, 0.494, 0.600 
49.379, 0.613, 0.641 
49.479, 0.728, 0.479 
49.721, 0.805, 0.318 
49.963, 0.841, 0.97 
50.164, 0.821, 0.164 
50.245, 0.788, 0.164 
50.124, 0.762, 0.84 
50.124, 0.741, 0.104 
50.326, 0.717, 0.184 
50.205, 0.672, 0.184 
50.225, 0.624, 0.184 
50.285, 0.598, 0.104 
50.205, 0.576, 0.124 
50.164, 0.550, 0.104 
50.164, 0.521, 0.144 
50.43, 0.501, 0.104 
49.923, 0.504, 0.117 
49.782, 0.536, 0.258 
49.560, 0.600, 0.358 
49.459, 0.684, 0.500 
49.459, 0.782, 0.580 
49.177, 0.917, 0.882 
49.16, 1. 0, 0.963 
48.875, 1.116, 1.164 
48.673, 1.130, 1.305 
48.331, 1.158, 1.587 
47.989, 1.195, 1.950 
47.283, 1.523, 2.615 
45.954, 2.183, 3.945 
44.644, 3.576, 5.153 
44.423, 3.728, 5.456 
44.543, 3.657, 5.315 
44.80, 3.828, 5.657 
41.985, 6.229, 7.470 
43.798, 6.158, 7.369 
44.926, 3.617, 5.234 
44.866, 2.989, 4.972 
41.824, 6.342, 7.631 
42.871, 5.947, 7.67 
46.719, 2.38, 3.461 
47.646, 1.466, 2.333 
45.128, 2.964, 4.912 
42.710, 6.60, 7.228 
46.75, 2.626, 4.65 
49.882, 1. 0, 0.318 
49.520, 0.949, 0.970 
46.961, 1.531, 2.655 
45.67, 2.989, 4.972 
46.598, 1.953, 3.179 
49.419, 1. 0, 0.782 
50.43, 1. 0, 0.459 
47.324, 1.502, 2.514 
45.833, 2.195, 3.985 
45.551, 2.642, 4.106 
46.397, 2.50, 3.501 
46.699, 1.591, 2.957 
45.611, 2.755, 4.388 
44.20, 3.909, 5.818 
44.443, 3.687, 5.375 
45.269, 2.747, 4.368 
44.684, 2.731, 4.327 
43.173, 4.708, 6.181 
43.798, 3.889, 5.778 
46.518, 2.189, 3.965 
47.102, 1.941, 3.139 
44.926, 2.972, 4.932 
43.153, 4.962, 6.604 
46.236, 2.602, 4. 5 
49.399, 1. 0, 0.439 
49.963, 0.981, 0.164 
47.807, 1.490, 2.454 
46.578, 2.153, 3.844 
47.485, 1.911, 3.38 
49.681, 1. 0, 0.459 
51.131, 0.847, 0.970 
50.205, 0.660, 0.84 
48.855, 0.891, 1.305 
49.16, 1.136, 1.366 
49.983, 1. 0, 0.741 
50.890, 0.896, 0.728 
49.620, 0.826, 0.97 
48.250, 1.124, 1.245 
47.666, 1.438, 2.192 
48.29, 1.438, 2.192 
48.512, 1.170, 1.708 
48.633, 1.120, 1.205 
48.271, 1.176, 1.769 
47.847, 1.434, 2.172 
47.686, 1.454, 2.272 
47.787, 1.434, 2.172 
47.807, 1.442, 2.212 
47.868, 1.426, 2.131 
48.69, 1.191, 1.910 
48.613, 1.144, 1.446 
48.976, 1. 0, 0.983 
49.338, 1. 0, 0.479 
49.701, 1. 0, 0.258 
50.104, 1. 0, 0.56 
49.842, 0.979, 0.225 
50.587, 0.901, 0.547 
50.950, 0.757, 0.849 
51.313, 0.407, -1.2333 
51.655, 0.81, -1.2695 
51.978, 0.199, -1.2998 
52.78, 0.423, -2.4119 
52.239, 0.460, -2.4300 
52.360, 0.472, -2.4360 
52.360, 0.468, -2.4340 
52.280, 0.456, -2.4280 
52.139, 0.439, -2.4199 
52.78, 0.427, -2.4139 
52.159, 0.431, -2.4159 
52.360, 0.456, -2.4280 
52.239, 0.443, -2.4219 
51.917, 0.183, -1.2836 
51.494, 0.149, -1.2494 
51.695, 0.171, -1.2716 
52.38, 0.199, -1.2998 
52.18, 0.415, -2.4078 
51.716, 0.165, -1.2655 
51.293, 0.129, -1.2293 
51.172, 0.117, -1.2172 
51.373, 0.139, -1.2393 
51.595, 0.157, -1.2575 
51.474, 0.149, -1.2494 
51.353, 0.133, -1.2333 
51.252, 0.129, -1.2293 
51.293, 0.125, -1.2252 
51.252, 0.125, -1.2252 
51.91, 0.109, -1.2091 
50.869, 0. 0, 0.849 
50.749, 0. 0, 0.728 
50.688, 0. 0, 0.688 
50.688, 0. 0, 0.728 
50.648, 0. 0, 0.688 
50.326, 0. 0, 0.366 
50. 3, 0. 0, 0.23 
49.661, 0.29, 0.238 
49.641, 0.86, 0.258 
49.802, 0.136, 0.177 
49.902, 0.158, 0.177 
49.902, 0.181, 0.117 
49.761, 0.211, 0.197 
49.761, 0.259, 0.338 
49.741, 0.311, 0.197 
49.862, 0.346, 0.84 
49.862, 0.376, 0.117 
50.64, 0.378, 0.104 
50.305, 0.336, 0.326 
50.668, 0.236, 0.668 
50.849, 0.88, 0.849 
50.930, 0. 0, 0.930 
51.31, 0.111, -1.2111 
51.373, 0.135, -1.2353 
51.695, 0.169, -1.2695 
52.18, 0.403, -2.4018 
52.18, 0.427, -2.4139 
52.38, 0.415, -2.4078 
52.78, 0.427, -2.4139 
52.199, 0.435, -2.4179 
52.199, 0.452, -2.4260 
52.199, 0.431, -2.4159 
52.38, 0.411, -2.4058 
51.937, 0.403, -2.4018 
51.957, 0.195, -1.2957 
51.836, 0.185, -1.2857 
51.575, 0.157, -1.2575 
51.272, 0.121, -1.2212 
51.51, 0.113, -1.2131 
51.51, 0. 0, 0.950 
50.970, 0. 0, 0.950 
50.789, 0. 0, 0.749 
50.668, 0. 0, 0.587 
50.467, 0. 0, 0.446 
50.326, 0. 0, 0.285 
50.144, 0. 0, 0.225 
49.943, 0. 0, 0.23 
49.882, 0. 7, 0.16 
49.923, 0.16, 0. 3 
50.124, 0. 7, 0.124 
50.245, 0. 0, 0.225 
50.245, 0. 0, 0.225 
50.265, 0. 0, 0.225 
50.346, 0. 0, 0.346 
50.587, 0. 0, 0.487 
50.648, 0. 0, 0.708 
50.749, 0. 0, 0.829 
50.869, 0. 0, 0.930 
51.10, 0. 0, 0.950 
51.71, 0.115, -1.2152 
51.172, 0.113, -1.2131 
51.212, 0.119, -1.2192 
51.252, 0.125, -1.2252 
51.333, 0.137, -1.2373 
51.454, 0.139, -1.2393 
51.454, 0.141, -1.2413 
51.393, 0.143, -1.2434 
51.293, 0.139, -1.2393 
51.293, 0.145, -1.2454 
51.474, 0.155, -1.2554 
51.534, 0.155, -1.2554 
51.534, 0.151, -1.2514 
51.353, 0.131, -1.2313 
51.373, 0.135, -1.2353 
51.373, 0.137, -1.2373 
51.454, 0.141, -1.2413 
51.313, 0.139, -1.2393 
51.192, 0.121, -1.2212 
51.131, 0.113, -1.2131 
51.131, 0.115, -1.2152 
51.212, 0.121, -1.2212 
51.252, 0.121, -1.2212 
51.91, 0.105, -1.2051 
50.930, 0. 0, 0.930 
50.809, 0. 0, 0.829 
50.728, 0. 0, 0.769 
50.749, 0. 0, 0.648 
50.567, 0. 0, 0.587 
50.507, 0. 0, 0.587 
50.386, 0. 0, 0.426 
50.305, 0. 0, 0.285 
50.104, 0. 0, 0.144 
50.23, 0. 0, 0.43 
50.23, 0. 0, 0. 3 
50.43, 0. 0, 0. 3 
49.943, 0. 1, 0.16 
49.983, 0.15, 0.117 
50. 3, 0.30, 0.56 
50.64, 0.29, 0.124 
50.205, 0. 1, 0.205 
50.305, 0. 0, 0.285 
50.426, 0. 0, 0.426 
50.487, 0. 0, 0.507 
50.688, 0. 0, 0.688 
50.970, 0. 0, 0.970 
51.252, 0.133, -1.2333 
51.454, 0.141, -1.2413 
51.514, 0.153, -1.2534 
51.695, 0.175, -1.2756 
51.937, 0.187, -1.2877 
52.159, 0.423, -2.4119 
52.219, 0.447, -2.4239 
52.219, 0.447, -2.4239 
52.239, 0.447, -2.4239 
52.219, 0.439, -2.4199 
52.300, 0.452, -2.4260 
52.280, 0.468, -2.4340 
52.159, 0.439, -2.4199 
52.98, 0.419, -2.4098 
51.957, 0.185, -1.2857 
51.756, 0.185, -1.2857 
51.675, 0.173, -1.2736 
51.494, 0.143, -1.2434 
51.212, 0.119, -1.2192 
51.10, 0.101, -1.2010 
50.849, 0. 0, 0.890 
50.688, 0. 0, 0.648 
50.467, 0. 0, 0.547 
50.205, 0. 0, 0.225 
50.64, 0. 0, 0.64 
49.923, 0. 5, 0.56 
49.862, 0.21, 0.157 
49.842, 0.49, 0.258 
49.761, 0.89, 0.217 
49.681, 0.139, 0.318 
49.721, 0.188, 0.298 
49.822, 0.231, 0.258 
49.882, 0.258, 0.76 
49.983, 0.273, 0.16 
50.43, 0.268, 0.43 
50.205, 0.243, 0.124 
50.305, 0.192, 0.305 
50.426, 0.126, 0.426 
50.567, 0.30, 0.608 
50.688, 0. 0, 0.708 
50.869, 0. 0, 0.809 
50.990, 0. 0, 0.950 
51.71, 0.107, -1.2071 
51.192, 0.111, -1.2111 
51.252, 0.115, -1.2152 
51.293, 0.127, -1.2272 
51.353, 0.137, -1.2373 
51.333, 0.143, -1.2434 
51.353, 0.131, -1.2313 
51.393, 0.137, -1.2373 
51.474, 0.153, -1.2534 
51.514, 0.155, -1.2554 
51.554, 0.157, -1.2575 
51.494, 0.153, -1.2534 
51.575, 0.153, -1.2534 
51.575, 0.157, -1.2575 
51.554, 0.159, -1.2595 
51.595, 0.159, -1.2595 
51.635, 0.157, -1.2575 
51.615, 0.159, -1.2595 
51.615, 0.159, -1.2595 
51.534, 0.161, -1.2615 
51.494, 0.153, -1.2534 
51.474, 0.145, -1.2454 
51.413, 0.137, -1.2373 
51.353, 0.131, -1.2313 
51.172, 0.127, -1.2272 
51.212, 0.117, -1.2172 
51.91, 0.119, -1.2192 
51.31, 0.103, -1.2031 
50.849, 0. 0, 0.890 
50.728, 0. 0, 0.809 
50.587, 0. 0, 0.587 
50.507, 0. 0, 0.527 
50.346, 0. 0, 0.406 
50.265, 0. 0, 0.245 
50.124, 0. 0, 0.164 
50.124, 0. 0, 0.23 
49.963, 0. 1, 0.64 
49.963, 0. 4, 0.16 
49.923, 0.12, 0.76 
49.963, 0.26, 0.16 
49.963, 0.33, 0.43 
50. 3, 0.35, 0.16 
50.64, 0.18, 0.124 
50.245, 0. 0, 0.205 
50.305, 0. 0, 0.285 
50.527, 0. 0, 0.446 
50.628, 0. 0, 0.668 
50.769, 0. 0, 0.749 
51.31, 0. 0, 0.970 
51.71, 0.105, -1.2051 
51.232, 0.125, -1.2252 
51.373, 0.131, -1.2313 
51.534, 0.143, -1.2434 
51.635, 0.157, -1.2575 
51.756, 0.167, -1.2675 
51.776, 0.179, -1.2796 
51.857, 0.183, -1.2836 
51.816, 0.179, -1.2796 
51.736, 0.177, -1.2776 
51.756, 0.179, -1.2796 
51.776, 0.177, -1.2776 
51.695, 0.167, -1.2675 
51.575, 0.161, -1.2615 
51.494, 0.157, -1.2575 
51.373, 0.141, -1.2413 
51.232, 0.131, -1.2313 
51.192, 0.117, -1.2172 
51.51, 0.109, -1.2091 
51.10, 0.103, -1.2031 
50.869, 0. 0, 0.890 
50.869, 0. 0, 0.769 
50.688, 0. 0, 0.769 
50.648, 0. 0, 0.688 
50.608, 0. 0, 0.628 
50.547, 0. 0, 0.587 
50.487, 0. 0, 0.527 
50.487, 0. 0, 0.467 
50.507, 0. 0, 0.426 
50.507, 0. 0, 0.547 
50.547, 0. 0, 0.527 
50.527, 0. 0, 0.547 
50.547, 0. 0, 0.547 
50.587, 0. 0, 0.668 
50.688, 0. 0, 0.587 
50.688, 0. 0, 0.648 
50.648, 0. 0, 0.749 
50.809, 0. 0, 0.708 
50.789, 0. 0, 0.769 
50.930, 0. 0, 0.849 
50.950, 0. 0, 0.950 
50.910, 0. 0, 0.970 
50.970, 0.103, -1.2031 
51.10, 0.103, -1.2031 
50.990, 0. 0, 0.990 
51.31, 0.103, -1.2031 
51.111, 0.113, -1.2131 
51.192, 0.117, -1.2172 
51.192, 0.117, -1.2172 
51.212, 0.113, -1.2131 
51.152, 0.117, -1.2172 
51.252, 0.113, -1.2131 
51.293, 0.121, -1.2212 
51.212, 0.119, -1.2192 
51.71, 0.109, -1.2091 
50.869, 0. 0, 0.869 
50.789, 0. 0, 0.769 
50.809, 0. 0, 0.869 
50.869, 0. 0, 0.890 
50.869, 0. 0, 0.890 
50.688, 0. 0, 0.688 
50.648, 0. 0, 0.567 
50.608, 0. 0, 0.527 
50.305, 0. 0, 0.326 
50.144, 0. 0, 0.184 
49.963, 0. 0, 0.16 
49.761, 0.30, 0.278 
49.641, 0.94, 0.399 
49.499, 0.182, 0.520 
49.278, 0.304, 0.782 
49.76, 0.465, 0.923 
48.915, 0.782, 1.64 
48.855, 1.80, 1.728 
48.996, 1. 0, 0.923 
48.734, 1.122, 1.225 
48.250, 1.168, 1.688 
47.968, 1.406, 2.31 
47.706, 1.442, 2.212 
47.686, 1.458, 2.293 
47.666, 1.458, 2.293 
47.525, 1.490, 2.454 
47.424, 1.519, 2.595 
47.203, 1.555, 2.776 
46.619, 1.905, 3.18 
46.578, 1.996, 3.320 
46.377, 2.86, 3.622 
46.195, 2.123, 3.743 
46.457, 2.123, 3.743 
45.712, 2.171, 3.904 
45.853, 2.698, 4.247 
45.692, 2.876, 4.690 
45.430, 2.964, 4.912 
45.188, 2.964, 4.912 
43.979, 2.997, 4.992 
44.463, 2.980, 4.952 
45.128, 2.876, 4.690 
44.684, 2.843, 4.609 
44.322, 2.948, 4.871 
44.543, 3.566, 5.133 
45.47, 2.924, 4.811 
44.926, 2.956, 4.891 
44.60, 3.838, 5.677 
44.322, 4.769, 6.282 
45.672, 2.868, 4.670 
46.236, 2.674, 4.186 
45.672, 2.980, 4.952 
45.390, 3.969, 5.939 
44.987, 3.667, 5.335 
45.954, 2.110, 3.703 
46.276, 2. 8, 3.360 
45.329, 2.876, 4.690 
44.564, 3.667, 5.335 
45.430, 2.819, 4.549 
46.478, 2.104, 3.683 
46.276, 2.739, 4.347 
45.67, 3.506, 5.12 
44.886, 3.768, 5.536 
45.551, 2.835, 4.589 
46.619, 2. 8, 3.360 
46.256, 2.147, 3.824 
44.946, 2.956, 4.891 
43.778, 3.939, 5.879 
45.349, 2.884, 4.710 
46.558, 2.14, 3.380 
45.974, 2.852, 4.630 
44.443, 3.768, 5.536 
44.161, 4.636, 6.60 
45.833, 2.731, 4.327 
47.384, 1.551, 2.756 
46.296, 2.183, 3.945 
43.758, 4.793, 6.322 
43.738, 5.23, 6.705 
46.336, 2.159, 3.864 
47.827, 1.197, 1.970 
46.578, 1.911, 3.38 
44.60, 4.612, 6.20 
43.173, 5.168, 6.946 
46.437, 2.68, 3.562 
48.452, 1.134, 1.346 
47.928, 1.474, 2.373 
45.47, 2.932, 4.831 
43.254, 4.841, 6.402 
44.987, 3.627, 5.254 
47.968, 1.430, 2.152 
48.855, 1. 0, 0.741 
47.384, 1.543, 2.716 
44.866, 3.728, 5.456 
43.536, 6.412, 7.732 
45.692, 2.900, 4.750 
47.505, 1.450, 2.252 
48.150, 1.178, 1.789 
46.719, 1.953, 3.179 
44.564, 3.919, 5.838 
43.717, 4.817, 6.362 
45.752, 2.884, 4.710 
47.787, 1.506, 2.534 
47.928, 1.162, 1.628 
46.336, 2.117, 3.723 
43.899, 3.919, 5.838 
43.375, 5.961, 7.87 
45.793, 2.731, 4.327 
48.492, 1.164, 1.648 
49.217, 1. 0, 0.983 
47.968, 1.410, 2.51 
45.148, 2.860, 4.650 
43.153, 5.989, 7.128 
44.886, 3.748, 5.496 
48.351, 1.402, 2.10 
50.43, 0.988, 0.728 
49.298, 0.966, 0.318 
47.183, 1.502, 2.514 
44.926, 2.892, 4.730 
43.758, 4.926, 6.543 
45.329, 2.916, 4.791 
47.727, 1.490, 2.454 
48.432, 1.160, 1.608 
47.646, 1.130, 1.305 
45.934, 2.642, 4.106 
44.483, 3.919, 5.838 
43.697, 3.838, 5.677 
46.54, 2.666, 4.166 
47.344, 1.551, 2.756 
46.961, 1.595, 2.978 
44.967, 2.972, 4.932 
43.435, 7.669, 8.336 
44.866, 3.707, 5.415 
48.613, 1.102, 1.23 
52.239, 0.686, -1.2695 
53.25, 0.753, -3.6448 
50.366, 0. 0, 0.628 
46.457, 1.242, 3.159 
41.763, 6.539, 7.913 
41.743, 7.991, 8.739 
47.445, 1.547, 2.736 
52.864, 0.272, -2.4723 
55.382, -2.4570, -5.10141 
52.864, 0.901, -3.6005 
48.673, 0.162, 1.184 
46.75, 1.676, 3.703 
46.941, 2.38, 3.461 
48.472, 1.148, 1.487 
50.809, 0.980, 0. 3 
52.441, 0.152, -2.4380 
53.186, 0.883, -3.6206 
53.408, -1.2034, -3.6448 
52.824, 0.931, -3.6106 
52.743, 0.552, -2.4763 
52.844, 0.907, -3.6025 
53.267, 0.956, -3.6186 
52.18, 0.423, -2.4119 
51.494, 0.135, -1.2353 
51.595, 0.153, -1.2534 
52.622, 0.516, -2.4582 
53.952, -1.2179, -3.6932 
54.919, -1.2951, -4.8879 
54.778, -2.4580, -5.10161 
53.710, -1.2131, -3.6771 
52.824, 0.568, -2.4844 
52.501, 0.508, -2.4542 
53.45, 0.913, -3.6045 
54.234, -1.2685, -4.8214 
55.564, -2.4771, -5.10543 
55.846, -3.6604, -6.12007 
55.20, -1.2798, -4.8496 
53.811, -1.2149, -3.6831 
54.234, -1.2653, -4.8133 
56.228, -4.8003, -6.12672 
55.624, -4.8196, -6.12994 
55.584, -2.4681, -5.10362 
52.824, 0.572, -2.4864 
52.320, 0.456, -2.4280 
53.972, -1.2742, -4.8355 
55.967, -3.6713, -6.12188 
58.21, -5.10149, -7.14357 
55.80, -2.4630, -5.10261 
52.18, 0.524, -2.4622 
51.675, 0.193, -1.2937 
54.516, -1.2034, -3.6448 
56.672, -3.6930, -6.12551 
57.598, -5.10417, -7.14739 
54.556, -1.2983, -4.8959 
51.232, 0.127, -1.2272 
51.192, 0. 0, 0.869 
54.153, -1.2143, -3.6811 
57.619, -5.10474, -7.14820 
58. 1, -5.10502, -7.14860 
53.126, 0.968, -3.6227 
50.225, 0. 0, 0.467 
51.776, 0.141, -1.2413 
56.228, -2.4983, -5.10967 
59.351, -8.16108, -9.18009 
56.390, -3.6918, -6.12531 
50.809, 0. 0, 0.890 
49.923, 0.26, 0.117 
53. 5, 0.532, -2.4663 
58.223, -6.12530, -8.16163 
59.291, -8.16434, -9.18371 
56.228, -3.6773, -6.12289 
53.186, -1.2004, -3.6347 
52.58, 0.435, -2.4179 
53.448, -1.2034, -3.6448 
56.128, -2.4540, -5.10080 
57.115, -5.10008, -7.14155 
54.879, -1.2999, -4.8999 
52.804, 0.552, -2.4763 
52.864, 0.560, -2.4804 
55.503, -2.4741, -5.10483 
57.336, -5.10220, -7.14457 
55.785, -2.4953, -5.10906 
53.851, -1.2173, -3.6912 
53.952, -1.2185, -3.6952 
56.692, -4.8148, -6.12913 
58.82, -6.12433, -8.16042 
56.994, -4.8924, -7.14034 
55.765, -2.4923, -5.10846 
55.60, -2.4550, -5.10100 
55.302, -2.4701, -5.10402 
55.886, -2.4923, -5.10846 
56.108, -3.6713, -6.12188 
56.329, -3.6785, -6.12309 
56.47, -3.6652, -6.12087 
55.785, -2.4892, -5.10785 
54.899, -1.2999, -4.8999 
54.597, -1.2846, -4.8617 
55.503, -2.4751, -5.10503 
54.838, -2.4792, -5.10584 
54.173, -1.2726, -4.8315 
52.985, 0.986, -3.6287 
53.489, -1.2040, -3.6468 
54.93, -2.4630, -5.10261 
54.516, -1.2838, -4.8597 
53.831, -1.2137, -3.6791 
52.521, 0.552, -2.4763 
52.58, 0.435, -2.4179 
52.824, 0.584, -2.4924 
53.952, -1.2838, -4.8597 
52.783, 0.195, -1.2957 
51.655, 0.165, -1.2655 
51.554, 0.143, -1.2434 
52.360, 0.464, -2.4320 
53.287, 0.544, -2.4723 
52.239, 0.532, -2.4663 
51.857, 0.181, -1.2816 
52.58, 0.169, -1.2695 
52.320, 0.435, -2.4179 
52.602, 0.516, -2.4582 
52.421, 0.484, -2.4421 
51.917, 0.415, -2.4078 
52.320, 0.431, -2.4159 
52.723, 0.508, -2.4542 
52.783, 0.552, -2.4763 
52.582, 0.512, -2.4562 
52.219, 0.443, -2.4219 
52.38, 0.403, -2.4018 
52.119, 0.431, -2.4159 
52.179, 0.423, -2.4119 
52.38, 0.199, -1.2998 
51.655, 0.169, -1.2695 
51.172, 0.127, -1.2272 
50.869, 0. 0, 0.930 
50.567, 0. 0, 0.547 
50.386, 0. 0, 0.386 
50.305, 0. 0, 0.386 
50.23, 0. 0, 0.64 
49.560, 0.35, 0.379 
48.976, 0.171, 0.487 
48.532, 0.563, 1.467 
48.210, 0.899, 1.688 
48.170, 1.186, 1.869 
47.505, 1.422, 2.111 
47.102, 1.571, 2.857 
46.739, 2.38, 3.461 
46.699, 1.935, 3.119 
46.780, 2.771, 4.428 
46.518, 2.14, 3.380 
46.558, 2.723, 4.307 
46.296, 2.56, 3.521 
46.679, 2.32, 3.441 
46.598, 1.402, 2.10 
46.478, 2.56, 3.521 
46.518, 2.20, 3.401 
46.981, 1.587, 2.937 
47.243, 1.547, 2.736 
47.304, 1.551, 2.756 
47.404, 1.506, 2.534 
47.747, 1.446, 2.232 
48.351, 1.162, 1.628 
48.855, 1.116, 1.164 
48.956, 1. 0, 0.983 
48.895, 1.106, 1.64 
48.956, 1.110, 1.104 
49.278, 1. 0, 0.721 
49.721, 1. 0, 0.278 
50.164, 0.992, 0.124 
50.305, 0.937, 0.305 
50.184, 0.868, 0.305 
50.285, 0.815, 0.265 
50.446, 0.747, 0.467 
50.849, 0.630, 0.769 
50.869, 0.466, 0.930 
50.849, 0.297, 0.769 
51.494, 0.155, 0.688 
50.648, 0.31, 0.608 
50.728, 0. 0, 0.749 
50.809, 0. 0, 0.708 
50.688, 0. 0, 0.668 
50.426, 0. 0, 0.446 
50.184, 0. 0, 0.245 
49.983, 0. 0, 0.84 
49.902, 0. 8, 0.97 
49.721, 0.49, 0.258 
49.560, 0.123, 0.459 
49.238, 0.254, 0.761 
48.875, 0.533, 1.43 
48.673, 0.801, 1.326 
48.371, 1.121, 1.587 
48.170, 1.180, 1.809 
47.948, 1.410, 2.51 
47.807, 1.438, 2.192 
47.626, 1.462, 2.313 
47.505, 1.482, 2.413 
47.424, 1.515, 2.575 
47.62, 1.555, 2.776 
47.243, 1.571, 2.857 
47.183, 1.555, 2.776 
47.485, 1.539, 2.695 
47.485, 1.515, 2.575 
47.465, 1.494, 2.474 
47.706, 1.462, 2.313 
47.807, 1.438, 2.192 
48. 9, 1.466, 2.333 
48.170, 1.189, 1.890 
48.532, 1.166, 1.668 
48.633, 1.164, 1.648 
48.855, 1.102, 1.23 
49.217, 1. 0, 0.943 
49.217, 1. 0, 0.761 
49.399, 1. 0, 0.540 
49.641, 1. 0, 0.358 
49.882, 1. 0, 0.177 
49.983, 0.998, 0.184 
50.346, 0.979, 0.76 
50.467, 0.880, 0.487 
50.64, 0.833, 0.64 
49.983, 0.828, 0.23 
50.205, 0.811, 0.225 
50.446, 0.742, 0.366 
50.245, 0.677, 0.285 
50.84, 0.647, 0.23 
50. 3, 0.639, 0.56 
49.923, 0.649, 0.97 
49.741, 0.689, 0.238 
49.540, 0.765, 0.459 
49.399, 0.867, 0.439 
49.318, 0.996, 0.761 
49.298, 1. 0, 0.661 
49.97, 1. 0, 0.882 
48.794, 1.116, 1.164 
48.553, 1.120, 1.205 
48.432, 1.146, 1.467 
48.452, 1.156, 1.567 
48.412, 1.168, 1.688 
48.210, 1.172, 1.728 
48.170, 1.186, 1.869 
48.49, 1.191, 1.910 
48. 9, 1.197, 1.970 
47.928, 1.410, 2.51 
47.928, 1.414, 2.71 
48.29, 1.406, 2.31 
48. 9, 1.406, 2.31 
48.49, 1.199, 1.990 
48.109, 1.195, 1.950 
48.250, 1.410, 2.51 
48.311, 1.168, 1.688 
48.452, 1.152, 1.527 
48.532, 1.142, 1.426 
48.613, 1.142, 1.426 
48.633, 1.118, 1.184 
49.117, 1. 0, 0.963 
49.379, 1. 0, 0.761 
49.439, 1. 0, 0.701 
49.318, 1. 0, 0.701 
49.459, 1. 0, 0.540 
49.661, 1. 0, 0.379 
49.822, 1. 0, 0.177 
50.23, 0.999, 0.23 
50.164, 0.979, 0.144 
49.882, 0.974, 0.56 
49.661, 1. 0, 0.177 
49.882, 1. 0, 0.97 
50.124, 0.987, 0.164 
50.104, 0.961, 0.64 
49.923, 0.961, 0.16 
49.741, 0.996, 0.258 
49.842, 1. 0, 0.217 
50. 3, 0.990, 0.16 
49.540, 1. 0, 0.500 
49.56, 1. 0, 0.902 
47.706, 1.116, 1.164 
48.875, 1.118, 1.184 
48.815, 1.132, 1.326 
48.593, 1.118, 1.184 
48.573, 1.144, 1.446 
48.109, 1.158, 1.587 
48.250, 1.176, 1.769 
48.109, 1.182, 1.829 
47.948, 1.414, 2.71 
47.868, 1.426, 2.131 
47.888, 1.430, 2.152 
47.908, 1.426, 2.131 
47.928, 1.414, 2.71 
47.868, 1.478, 2.393 
47.827, 1.422, 2.111 
47.888, 1.402, 2.10 
47.989, 1.193, 1.930 
48.150, 1.184, 1.849 
48.291, 1.182, 1.829 
48.371, 1.168, 1.688 
48.532, 1.172, 1.728 
48.673, 1.132, 1.326 
48.875, 1.114, 1.144 
49.36, 1. 0, 0.963 
49.117, 1. 0, 0.862 
49.379, 1. 0, 0.681 
49.520, 1. 0, 0.500 
49.641, 1. 0, 0.318 
49.882, 1. 0, 0.217 
49.902, 1. 0, 0.76 
49.902, 1. 0, 0.217 
49.419, 1. 0, 0.358 
50.487, 0.969, 0.567 
50.467, 0.862, 0.487 
49.782, 0.840, 0.177 
49.661, 0.918, 0.399 
49.983, 0.961, 0.56 
50.326, 0.948, 0.346 
50.164, 0.900, 0. 3 
49.701, 0.914, 0.358 
49.580, 0.989, 0.479 
49.600, 1. 0, 0.379 
49.479, 1. 0, 0.318 
49.379, 1. 0, 0.560 
49.76, 1. 0, 0.943 
49.298, 1.100, 1. 3 
48.875, 1.116, 1.164 
48.976, 1.122, 1.225 
48.653, 1.128, 1.285 
48.593, 1.144, 1.446 
48.472, 1.156, 1.567 
48.331, 1.172, 1.728 
48.29, 1.191, 1.910 
47.868, 1.191, 1.910 
47.989, 1.422, 2.111 
48. 9, 1.199, 1.990 
48.29, 1.184, 1.849 
47.989, 1.199, 1.990 
47.847, 1.434, 2.172 
47.767, 1.434, 2.172 
47.928, 1.430, 2.152 
47.928, 1.186, 1.869 
48.210, 1.178, 1.789 
48.210, 1.583, 2.917 
47.928, 1.174, 1.749 
48.371, 1.164, 1.648 
48.452, 1.150, 1.507 
48.673, 1.138, 1.386 
48.835, 1.118, 1.184 
48.935, 1.106, 1.64 
49.56, 1. 0, 0.862 
49.217, 1. 0, 0.822 
49.318, 1. 0, 0.963 
49.580, 1. 0, 0.459 
49.701, 1. 0, 0.298 
49.499, 1. 0, 0.238 
49.782, 1. 0, 0.177 
49.862, 1. 0, 0.217 
50.164, 1. 0, 0.298 
50.326, 0.965, 0.326 
50.184, 0.920, 0. 3 
49.882, 0.925, 0.278 
49.882, 0.962, 0.56 
50.104, 0.959, 0.124 
50.124, 0.933, 0.144 
49.882, 0.923, 0.97 
49.580, 0.964, 0.338 
49.641, 1. 0, 0.338 
49.701, 1. 0, 0.358 
49.479, 1. 0, 0.560 
49.157, 1. 0, 0.802 
49.97, 1. 0, 0.963 
49.36, 1. 0, 0.983 
48.855, 1.114, 1.144 
48.875, 1.112, 1.124 
49.197, 1. 0, 0.842 
49.238, 1. 0, 0.842 
48.653, 1.134, 1.346 
48.89, 1.178, 1.789 
48.49, 1.197, 1.970 
48.371, 1.162, 1.628 
48.774, 1.122, 1.225 
49.56, 1.120, 1.205 
48.593, 1.140, 1.406 
48.432, 1.156, 1.567 
48.593, 1.138, 1.386 
48.673, 1.128, 1.285 
48.794, 1.112, 1.124 
48.956, 1.102, 1.23 
49.137, 1. 0, 0.842 
49.479, 1. 0, 0.661 
49.499, 1. 0, 0.479 
49.681, 1. 0, 0.439 
49.882, 1. 0, 0.177 
49.943, 0.998, 0.36 
50.84, 0.985, 0.84 
50.124, 0.969, 0.84 
50.245, 0.942, 0.245 
50.628, 0.857, 0.587 
50.970, 0.709, 0.970 
51.172, 0.387, -1.2111 
51.111, 0.166, -1.2192 
51.31, 0.15, -1.2010 
51.272, 0.121, -1.2212 
51.393, 0.153, -1.2534 
51.695, 0.177, -1.2776 
51.957, 0.181, -1.2816 
51.957, 0.193, -1.2937 
51.957, 0.197, -1.2978 
52.98, 0.423, -2.4119 
52.260, 0.447, -2.4239 
52.461, 0.504, -2.4521 
52.683, 0.536, -2.4683 
52.763, 0.536, -2.4683 
52.884, 0.580, -2.4904 
53.25, 0.901, -3.6005 
53.448, -1.2016, -3.6388 
53.710, -1.2701, -4.8254 
53.509, -1.2070, -3.6569 
53.347, -1.2113, -3.6710 
54.113, -1.2645, -4.8113 
54.576, -1.2814, -4.8536 
54.919, -1.2879, -4.8697 
54.939, -1.2999, -4.8999 
54.576, -1.2887, -4.8717 
55.100, -2.4600, -5.10201 
55.745, -2.4943, -5.10886 
55.483, -2.4872, -5.10745 
55.604, -2.4671, -5.10342 
55.80, -2.4822, -5.10644 
55.926, -2.4842, -5.10684 
55.644, -2.4973, -5.10946 
55.443, -2.4802, -5.10604 
55.946, -2.4731, -5.10463 
56.47, -3.6701, -6.12168 
55.443, -2.4671, -5.10342 
54.798, -1.2927, -4.8818 
55.765, -2.4832, -5.10664 
56.652, -2.4983, -5.10967 
55.624, -2.4771, -5.10543 
54.536, -1.2927, -4.8818 
55.141, -2.4751, -5.10503 
56.87, -3.6979, -6.12631 
55.725, -1.2895, -4.8738 
53.831, -1.2143, -3.6811 
54.597, -2.4973, -5.10946 
56.611, -4.8196, -6.12994 
55.503, -2.4782, -5.10564 
52.965, 0.913, -3.6045 
53.206, 0.992, -3.6307 
55.745, -3.6664, -6.12108 
56.47, -3.6821, -6.12369 
53.186, -1.2022, -3.6408 
52.824, 0.411, -2.4058 
53.972, -1.2854, -4.8637 
56.249, -3.6979, -6.12631 
54.315, -1.2895, -4.8738 
52.642, 0.197, -1.2978 
52.622, 0.528, -2.4642 
55.40, -2.4580, -5.10161 
54.758, -1.2967, -4.8919 
52.199, 0.480, -2.4401 
51.232, 0. 0, 0.668 
51.978, 0.423, -2.4119 
53.609, -1.2131, -3.6771 
51.957, 0.191, -1.2917 
49.802, 0.12, 0.439 
49.197, 0.171, 0.822 
50.628, 0.191, 0.708 
51.91, 0.110, -1.2172 
49.761, 0. 5, 0.298 
48.230, 0.417, 1.789 
48. 9, 0.821, 1.990 
48.794, 1.96, 1.164 
49.499, 1. 0, 0.500 
47.989, 1.193, 1.930 
45.793, 2.602, 4. 5 
44.20, 3.536, 5.73 
45.369, 2.690, 4.227 
45.873, 2.38, 3.461 
45.893, 2.189, 3.965 
43.879, 4.853, 6.423 
44.80, 3.768, 5.536 
45.672, 2.642, 4.106 
44.826, 2.940, 4.851 
42.428, 5.156, 6.926 
42.992, 4.902, 6.503 
46.75, 2.135, 3.783 
46.14, 2.110, 3.703 
42.690, 5.83, 6.805 
42.388, 6.144, 7.349 
47.183, 1.563, 2.816 
49.16, 1. 0, 0.580 
46.780, 1.911, 3.38 
42.912, 6.201, 7.430 
44.483, 3.838, 5.677 
51.10, 0.992, 0.587 
51.857, 0.82, -2.4380 
47.847, 0.745, 1.869 
44.503, 4.926, 6.543 
46.95, 2.159, 3.864 
50.446, 0.989, 0.567 
51.575, 0.497, -1.2736 
48.150, 0.828, 1.567 
45.712, 2.165, 3.884 
46.397, 2.56, 3.521 
48.633, 1.146, 1.467 
49.117, 1. 0, 0.802 
47.626, 1.470, 2.353 
45.249, 2.972, 4.932 
44.906, 3.627, 5.254 
46.578, 2.104, 3.683 
47.163, 1.905, 3.18 
45.369, 2.739, 4.347 
43.496, 4.612, 6.20 
45.349, 2.739, 4.347 
47.586, 1.474, 2.373 
46.699, 1.935, 3.119 
43.576, 4.600, 6. 0 
43.435, 4.950, 6.584 
47.324, 1.571, 2.857 
49.459, 1. 0, 0.620 
47.787, 1.446, 2.232 
44.624, 3.738, 5.476 
44.785, 3.778, 5.556 
48.976, 1.180, 1.809 
51.413, 0.783, -1.2252 
49.721, 0.764, 0.238 
46.981, 1.531, 2.655 
47.42, 2. 8, 3.360 
48.754, 1.144, 1.446 
50.708, 0.972, 0.567 
50.547, 0.816, 0.628 
48.835, 0.996, 1.124 
48.89, 1.426, 2.131 
48.432, 1.160, 1.608 
49.157, 1. 0, 0.842 
49.620, 1. 0, 0.379 
49.580, 1. 0, 0.479 
49.540, 1. 0, 0.560 
49.459, 1. 0, 0.560 
49.499, 1. 0, 0.540 
49.479, 1. 0, 0.318 
49.661, 1. 0, 0.338 
50.124, 0.999, 0.64 
50.809, 0.913, 0.869 
50.950, 0.742, 0.990 
50.688, 0.572, 0.728 
50.628, 0.466, 0.467 
51.10, 0.203, -1.2091 
51.695, 0.381, -2.4078 
52.38, 0.407, -2.4038 
51.695, 0.189, -1.2897 
51.51, 0.143, -1.2434 
51.434, 0.135, -1.2353 
50.970, 0.175, -1.2756 
51.716, 0.173, -1.2736 
51.373, 0.143, -1.2434 
51.152, 0.105, -1.2051 
50.849, 0. 0, 0.910 
50.829, 0. 0, 0.910 
50.628, 0. 0, 0.648 
50.205, 0. 0, 0.265 
49.923, 0. 0, 0. 3 
49.923, 0.20, 0.117 
49.842, 0.44, 0.197 
49.661, 0.111, 0.358 
49.278, 0.220, 0.721 
49.16, 0.379, 0.923 
49.97, 0.562, 0.741 
49.298, 0.718, 0.641 
49.399, 0.828, 0.580 
49.298, 0.936, 0.701 
49.197, 1.102, 1.23 
49.520, 1. 0, 0.479 
49.560, 1. 0, 0.137 
50.164, 0.986, 0.164 
50.326, 0.936, 0.265 
50.426, 0.882, 0.245 
50.406, 0.820, 0.386 
50.809, 0.701, 0.809 
51.91, 0.400, -1.2111 
51.293, 0.151, -1.2252 
51.71, 0.51, -1.2031 
51.91, 0.103, -1.2031 
51.212, 0.113, -1.2131 
51.333, 0.129, -1.2293 
51.373, 0.131, -1.2313 
51.192, 0.125, -1.2252 
51.31, 0. 0, 0.869 
50.930, 0. 0, 0.910 
50.869, 0. 0, 0.789 
50.789, 0. 0, 0.688 
50.648, 0. 0, 0.628 
50.608, 0. 0, 0.527 
50.346, 0. 0, 0.346 
50.285, 0. 0, 0.225 
50.265, 0. 0, 0.265 
50.205, 0. 0, 0.265 
50.164, 0. 0, 0.184 
50.144, 0. 0, 0.84 
50.43, 0. 0, 0.124 
50.23, 0. 0, 0.84 
50.164, 0. 0, 0.43 
50.164, 0. 0, 0.144 
50.225, 0. 0, 0.225 
50.346, 0. 0, 0.305 
50.366, 0. 0, 0.265 
50.406, 0. 0, 0.406 
50.446, 0. 0, 0.527 
50.507, 0. 0, 0.406 
50.527, 0. 0, 0.467 
50.446, 0. 0, 0.467 
50.446, 0. 0, 0.446 
50.487, 0. 0, 0.487 
50.346, 0. 0, 0.426 
50.305, 0. 0, 0.346 
50.164, 0. 0, 0.184 
50.144, 0. 0, 0.84 
50.104, 0. 0, 0.104 
50.104, 0. 0, 0.43 
50. 3, 0. 0, 0.36 
49.923, 0.15, 0.117 
49.822, 0.45, 0.177 
49.862, 0.75, 0.97 
49.882, 0.100, 0.117 
49.902, 0.121, 0.137 
49.923, 0.137, 0.36 
49.983, 0.145, 0.16 
50.144, 0.135, 0.104 
50.305, 0.100, 0.225 
50.366, 0.46, 0.346 
50.426, 0. 0, 0.467 
50.628, 0. 0, 0.608 
50.769, 0. 0, 0.688 
50.950, 0. 0, 0.970 
51.31, 0.105, -1.2051 
51.192, 0.117, -1.2172 
51.232, 0.121, -1.2212 
51.272, 0.127, -1.2272 
51.232, 0.125, -1.2252 
51.272, 0.125, -1.2252 
51.192, 0.125, -1.2252 
51.192, 0.119, -1.2192 
51.131, 0.105, -1.2051 
51.10, 0. 0, 0.990 
50.728, 0. 0, 0.849 
50.728, 0. 0, 0.708 
50.527, 0. 0, 0.547 
50.326, 0. 0, 0.426 
50.205, 0. 0, 0.305 
50.124, 0. 0, 0.144 
49.983, 0. 0, 0. 3 
49.822, 0.16, 0.137 
49.741, 0.57, 0.258 
49.701, 0.118, 0.338 
49.641, 0.189, 0.379 
49.560, 0.267, 0.419 
49.580, 0.344, 0.399 
49.661, 0.419, 0.439 
49.681, 0.487, 0.298 
49.741, 0.540, 0.197 
49.882, 0.580, 0.217 
49.902, 0.602, 0.56 
50.43, 0.609, 0.64 
50.104, 0.585, 0.245 
50.305, 0.535, 0.305 
50.446, 0.460, 0.527 
50.487, 0.377, 0.487 
50.507, 0.279, 0.547 
50.628, 0.171, 0.547 
50.688, 0.48, 0.648 
50.688, 0. 0, 0.749 
50.769, 0. 0, 0.688 
50.728, 0. 0, 0.728 
50.648, 0. 0, 0.708 
50.668, 0. 0, 0.567 
50.628, 0. 0, 0.567 
50.547, 0. 0, 0.587 
50.587, 0. 0, 0.587 
50.467, 0. 0, 0.587 
50.467, 0. 0, 0.406 
50.446, 0. 0, 0.467 
50.406, 0. 0, 0.406 
50.406, 0. 0, 0.346 
50.326, 0. 0, 0.326 
50.446, 0. 0, 0.386 
50.426, 0. 0, 0.346 
50.467, 0. 0, 0.305 
50.547, 0. 0, 0.487 
50.527, 0. 0, 0.487 
50.587, 0. 0, 0.426 
50.608, 0. 0, 0.648 
50.628, 0. 0, 0.608 
50.567, 0. 0, 0.628 
50.728, 0. 0, 0.728 
50.648, 0. 0, 0.728 
50.668, 0. 0, 0.769 
50.749, 0. 0, 0.708 
50.648, 0. 0, 0.608 
50.628, 0. 0, 0.587 
50.547, 0. 0, 0.567 
50.487, 0. 0, 0.426 
50.426, 0. 0, 0.406 
50.366, 0. 0, 0.346 
50.245, 0. 0, 0.245 
50.104, 0. 0, 0.144 
50.23, 0. 0, 0.43 
49.983, 0. 1, 0.16 
50.23, 0. 6, 0.36 
49.842, 0.25, 0.137 
49.842, 0.53, 0.137 
49.842, 0.85, 0.177 
49.822, 0.124, 0.217 
49.782, 0.154, 0.177 
49.963, 0.175, 0.97 
50.23, 0.187, 0.16 
50.104, 0.183, 0.84 
50.184, 0.165, 0.164 
50.265, 0.130, 0.164 
50.386, 0.74, 0.285 
50.426, 0. 0, 0.446 
50.547, 0. 0, 0.628 
50.648, 0. 0, 0.668 
50.708, 0. 0, 0.789 
50.849, 0. 0, 0.890 
50.890, 0. 0, 0.869 
50.910, 0. 0, 0.930 
50.869, 0. 0, 0.950 
50.910, 0. 0, 0.890 
50.930, 0. 0, 0.930 
50.890, 0. 0, 0.869 
50.890, 0. 0, 0.688 
50.728, 0. 0, 0.688 
50.608, 0. 0, 0.648 
50.608, 0. 0, 0.608 
50.487, 0. 0, 0.507 
50.346, 0. 0, 0.467 
50.205, 0. 0, 0.326 
50.205, 0. 0, 0.225 
50.144, 0. 0, 0.124 
50.124, 0. 0, 0.104 
50.64, 0. 0, 0.64 
49.943, 0. 0, 0.64 
50.43, 0. 0, 0.56 
50. 3, 0. 0, 0.43 
50.23, 0. 0, 0.43 
50.43, 0. 0, 0.43 
50.144, 0. 0, 0.124 
50.124, 0. 0, 0.104 
50.205, 0. 0, 0.245 
50.346, 0. 0, 0.285 
50.406, 0. 0, 0.386 
50.426, 0. 0, 0.386 
50.426, 0. 0, 0.446 
50.527, 0. 0, 0.648 
50.487, 0. 0, 0.547 
50.446, 0. 0, 0.547 
50.608, 0. 0, 0.567 
50.628, 0. 0, 0.628 
50.668, 0. 0, 0.648 
50.628, 0. 0, 0.567 
50.608, 0. 0, 0.567 
50.527, 0. 0, 0.507 
50.527, 0. 0, 0.507 
50.507, 0. 0, 0.487 
50.467, 0. 0, 0.467 
50.386, 0. 0, 0.406 
50.426, 0. 0, 0.386 
50.366, 0. 0, 0.346 
50.326, 0. 0, 0.245 
50.326, 0. 0, 0.305 
50.326, 0. 0, 0.245 
50.265, 0. 0, 0.265 
50.285, 0. 0, 0.265 
49.842, 0. 5, 0.157 
49.520, 0.78, 0.500 
49.842, 0.154, 0.197 
50.467, 0.120, 0.487 
50.547, 0.12, 0.547 
50.144, 0. 0, 0.245 
49.902, 0. 4, 0.36 
49.902, 0.28, 0.97 
49.882, 0.60, 0.137 
49.741, 0.101, 0.217 
49.661, 0.158, 0.358 
49.620, 0.228, 0.419 
49.580, 0.307, 0.419 
49.439, 0.407, 0.580 
49.278, 0.539, 0.721 
49.177, 0.695, 0.822 
48.935, 0.976, 1.23 
48.815, 1.124, 1.245 
48.412, 1.152, 1.527 
48.109, 1.178, 1.789 
47.989, 1.402, 2.10 
47.989, 1.414, 2.71 
47.968, 1.426, 2.131 
47.565, 1.470, 2.353 
47.142, 1.587, 2.937 
46.639, 2.26, 3.421 
46.397, 2.80, 3.602 
46.498, 2.80, 3.602 
46.478, 2.38, 3.461 
46.236, 2.165, 3.884 
45.410, 2.876, 4.690 
44.543, 3.647, 5.294 
45.208, 3.566, 5.133 
45.934, 2.650, 4.126 
45.269, 3.627, 5.254 
44.382, 2.868, 4.670 
43.818, 3.979, 5.959 
44.826, 4.648, 6.80 
45.329, 2.795, 4.489 
44.342, 3.728, 5.456 
43.254, 4.841, 6.402 
44.402, 3.768, 5.536 
46.115, 2.706, 4.267 
44.604, 2.972, 4.932 
43.456, 5.95, 6.826 
42.206, 4.720, 6.201 
46.155, 2.141, 3.804 
46.780, 1.971, 3.239 
44.181, 3.617, 5.234 
42.45, 5.119, 6.866 
45.510, 2.876, 4.690 
48.633, 1.193, 1.930 
47.928, 1.418, 2.91 
44.906, 3.697, 5.395 
43.12, 5.961, 7.87 
45.853, 2.795, 4.489 
48.855, 1.164, 1.648 
48.613, 1.136, 1.366 
45.752, 2.177, 3.924 
43.456, 5.119, 6.866 
46.538, 3.657, 5.315 
48.694, 1.140, 1.406 
49.238, 1. 0, 0.782 
46.739, 2.141, 3.804 
43.818, 3.889, 5.778 
44.141, 3.969, 5.939 
47.263, 1.984, 3.280 
48.492, 1.166, 1.668 
47.505, 1.478, 2.393 
45.87, 2.924, 4.811 
43.617, 4.660, 6.100 
45.833, 2.747, 4.368 
47.847, 1.458, 2.293 
47.807, 1.422, 2.111 
46.95, 2.706, 4.267 
44.463, 3.768, 5.536 
44.302, 3.677, 5.355 
46.95, 2.189, 3.965 
47.283, 1.539, 2.695 
47.344, 1.498, 2.494 
46.236, 2.56, 3.521 
45.652, 2.779, 4.448 
45.309, 2.916, 4.791 
45.611, 2.771, 4.428 
46.216, 2.68, 3.562 
47.21, 1.595, 2.978 
46.800, 2.20, 3.401 
45.893, 2.153, 3.844 
45.269, 2.819, 4.549 
45.873, 2.706, 4.267 
47.163, 1.941, 3.139 
47.706, 1.458, 2.293 
47.263, 1.551, 2.756 
46.135, 2.618, 4.45 
45.974, 2.989, 4.972 
45.531, 2.610, 4.25 
47.183, 1.941, 3.139 
48.89, 1.199, 1.990 
48.109, 1.418, 2.91 
47.787, 1.438, 2.192 
47.586, 1.482, 2.413 
48.69, 1.197, 1.970 
49.177, 1. 0, 0.923 
50.467, 0.983, 0.446 
51.857, 0.579, -1.2796 
52.945, 0.283, -2.4924 
53.851, -1.2179, -3.6932 
54.617, -1.2854, -4.8637 
55.443, -2.4751, -5.10503 
55.664, -2.4923, -5.10846 
55.624, -2.4641, -5.10282 
56.410, -2.4812, -5.10624 
56.228, -3.6604, -6.12007 
56.108, -3.6628, -6.12047 
55.624, -2.4963, -5.10926 
56.430, -3.6701, -6.12168 
57.719, -4.8112, -6.12853 
57.155, -4.8952, -7.14075 
55.181, -2.4520, -5.10040 
54.496, -1.2734, -4.8335 
57.357, -4.8980, -7.14115 
59.291, -8.16362, -9.18291 
56.269, -3.6882, -6.12470 
53.549, -1.2070, -3.6569 
53.871, -1.2143, -3.6811 
56.87, -2.4570, -5.10141 
57.598, -5.10361, -7.14659 
56.269, -3.6797, -6.12329 
53.489, -1.2058, -3.6529 
52.119, 0.456, -2.4280 
53.206, 0.516, -2.4582 
55.141, -2.4580, -5.10161 
55.664, -2.4812, -5.10624 
53. 5, -1.2107, -3.6690 
51.313, 0.133, -1.2333 
52.219, 0.183, -1.2836 
54.798, -1.2750, -4.8375 
55.926, -2.4731, -5.10463 
54.939, -2.4590, -5.10181 
52.864, 0.589, -2.4945 
52.461, 0.101, -1.2010 
54.335, -1.2717, -4.8294 
56.188, -3.6870, -6.12450 
56.128, -2.4963, -5.10926 
53. 5, 0.919, -3.6065 
53.126, 0.516, -2.4582 
54.838, -1.2903, -4.8758 
56.369, -3.6676, -6.12128 
54.758, -2.4510, -5.10020 
52.804, 0.520, -2.4602 
53.166, 0.931, -3.6106 
54.556, -1.2927, -4.8818 
55.604, -2.4751, -5.10503 
53.912, -1.2137, -3.6791 
52.18, 0.476, -2.4380 
52.521, 0.500, -2.4501 
53.972, -1.2101, -3.6670 
54.12, -1.2637, -4.8093 
52.804, 0.576, -2.4884 
52.139, 0.476, -2.4380 
52.38, 0.532, -2.4663 
53.952, -1.2637, -4.8093 
53.206, 0.937, -3.6126 
51.836, 0.187, -1.2877 
51.575, 0.141, -1.2413 
52.743, 0.544, -2.4723 
53.489, -1.2064, -3.6549 
52.441, 0.524, -2.4622 
51.393, 0.145, -1.2454 
51.816, 0.183, -1.2836 
52.904, 0.580, -2.4904 
52.844, 0.572, -2.4864 
51.434, 0.135, -1.2353 
50.386, 0. 0, 0.285 
50.809, 0. 0, 0.950 
51.575, 0.155, -1.2554 
51.212, 0.125, -1.2252 
49.882, 0. 0, 0.36 
49.36, 0.124, 0.902 
49.217, 0.313, 0.822 
49.641, 0.412, 0.358 
49.499, 0.474, 0.358 
48.774, 0.745, 1.144 
48.311, 1.492, 2.816 
47.847, 1.162, 1.628 
48.331, 1.164, 1.648 
48.250, 1.180, 1.809 
48.69, 1.402, 2.10 
47.868, 1.418, 2.91 
48.29, 1.402, 2.10 
48.291, 1.164, 1.648 
48.472, 1.148, 1.487 
48.452, 1.152, 1.527 
48.553, 1.150, 1.507 
48.774, 1.118, 1.184 
49.137, 1. 0, 0.943 
49.439, 1. 0, 0.540 
49.741, 1. 0, 0.278 
49.641, 1. 0, 0.238 
49.802, 1. 0, 0.177 
49.983, 0.991, 0.809 
50.326, 0.953, 0.326 
50.144, 0.922, 0.43 
49.862, 0.929, 0.137 
50.84, 0.955, 0.56 
50.305, 0.922, 0.285 
50.346, 0.855, 0.326 
50.124, 0.808, 0.144 
49.923, 0.800, 0.56 
49.822, 0.825, 0.137 
49.741, 0.872, 0.338 
49.600, 0.934, 0.379 
49.479, 1. 0, 0.560 
49.540, 1. 0, 0.439 
49.540, 1. 0, 0.459 
50.225, 1.170, 1.708 
49.197, 1. 0, 0.701 
49.278, 1. 0, 0.701 
49.117, 1. 0, 0.560 
49.479, 1. 0, 0.479 
49.560, 1. 0, 0.580 
49.338, 1. 0, 0.681 
49.459, 1. 0, 0.520 
49.741, 1. 0, 0.217 
49.923, 1. 0, 0.56 
50.84, 0.998, 0. 3 
49.943, 0.976, 0.23 
49.681, 1. 0, 0.298 
49.681, 1. 0, 0.459 
49.943, 0.996, 0.36 
49.983, 0.984, 0.84 
49.983, 0.976, 0.56 
49.661, 1. 0, 0.298 
49.681, 1. 0, 0.399 
49.580, 1. 0, 0.822 
49.499, 1. 0, 0.479 
49.560, 1. 0, 0.217 
49.459, 1. 0, 0.862 
48.976, 1.102, 1.23 
48.875, 1.118, 1.184 
49.36, 1. 0, 0.963 
49.338, 1. 0, 0.661 
49.258, 1. 0, 0.681 
49.197, 1. 0, 0.802 
48.956, 1. 0, 0.943 
48.956, 1. 0, 0.923 
49.197, 1. 0, 0.782 
49.379, 1. 0, 0.661 
49.459, 1. 0, 0.540 
49.560, 1. 0, 0.580 
49.661, 1. 0, 0.338 
49.822, 1. 0, 0.258 
49.923, 1. 0, 0.97 
50.64, 0.990, 0.124 
50.285, 0.935, 0.245 
50.84, 0.919, 0.104 
50.104, 0.911, 0.104 
50.184, 0.880, 0.245 
50.406, 0.816, 0.184 
50.406, 0.735, 0.446 
50.265, 0.675, 0.164 
50.104, 0.650, 0.23 
49.943, 0.651, 0.76 
49.862, 0.671, 0.137 
49.681, 0.718, 0.358 
49.338, 0.792, 0.500 
49.379, 0.894, 0.580 
49.298, 1. 0, 0.580 
49.318, 1. 0, 0.822 
48.875, 1.108, 1.84 
48.774, 1.126, 1.265 
48.613, 1.136, 1.366 
48.613, 1.138, 1.386 
48.714, 1.130, 1.305 
48.714, 1.132, 1.326 
48.714, 1.134, 1.346 
48.754, 1.126, 1.265 
48.472, 1.128, 1.285 
48.956, 1.104, 1.43 
49.36, 1. 0, 0.923 
49.97, 1. 0, 0.822 
49.238, 1. 0, 0.500 
49.439, 1. 0, 0.540 
49.600, 1. 0, 0.338 
49.983, 1. 0, 0.97 
50. 3, 0.997, 0. 3 
50.184, 0.967, 0.225 
50.104, 0.948, 0.84 
49.802, 0.958, 0.97 
50.184, 0.948, 0.184 
50.446, 0.881, 0.547 
50.547, 0.773, 0.567 
50.346, 0.684, 0.406 
50.144, 0.641, 0.144 
50.104, 0.622, 0.124 
50.265, 0.589, 0.245 
50.205, 0.549, 0.184 
50.23, 0.523, 0. 3 
49.902, 0.535, 0.117 
49.822, 0.567, 0.177 
49.802, 0.598, 0.117 
49.822, 0.621, 0.56 
49.761, 0.661, 0.238 
49.641, 0.723, 0.318 
49.520, 0.804, 0.500 
49.56, 0.899, 0.479 
49.499, 0.999, 0.459 
49.701, 1. 0, 0.479 
49.802, 1. 0, 0.137 
49.379, 1. 0, 0.500 
49.278, 1. 0, 0.782 
49.358, 1. 0, 0.620 
49.600, 1. 0, 0.399 
49.761, 1. 0, 0.157 
49.560, 1. 0, 0.399 
49.399, 1. 0, 0.620 
49.379, 1. 0, 0.681 
49.439, 1. 0, 0.500 
49.358, 1. 0, 0.721 
49.197, 1. 0, 0.721 
49.197, 1. 0, 0.761 
49.177, 1. 0, 0.862 
49.238, 1. 0, 0.923 
49.97, 1. 0, 0.902 
49.16, 1.100, 1. 3 
48.915, 1.110, 1.104 
48.915, 1.110, 1.104 
48.935, 1.104, 1.43 
48.915, 1.104, 1.43 
48.855, 1.100, 1. 3 
49.16, 1.102, 1.23 
49.157, 1. 0, 0.902 
49.197, 1. 0, 0.782 
49.238, 1. 0, 0.782 
49.278, 1. 0, 0.641 
49.419, 1. 0, 0.620 
49.620, 1. 0, 0.399 
49.721, 0.996, 0.305 
50.124, 0.987, 0.164 
50.144, 0.954, 0.144 
49.963, 0.957, 0.97 
50.104, 0.967, 0. 3 
50.426, 0.923, 0.386 
50.688, 0.813, 0.668 
50.587, 0.684, 0.547 
50.386, 0.585, 0.426 
50.346, 0.518, 0.366 
50.467, 0.440, 0.426 
50.487, 0.343, 0.507 
50.426, 0.260, 0.406 
50.507, 0.204, 0.265 
50.104, 0.166, 0.144 
50. 3, 0.149, 0. 3 
49.902, 0.145, 0.56 
49.802, 0.172, 0.177 
49.721, 0.215, 0.278 
49.641, 0.283, 0.358 
49.439, 0.375, 0.600 
49.258, 0.504, 0.761 
49.197, 0.658, 0.822 
49.197, 0.814, 0.802 
49.157, 0.965, 0.802 
49.298, 1. 0, 0.641 
49.36, 1. 0, 0.923 
48.915, 1.102, 1.23 
48.915, 1.116, 1.164 
49.36, 1. 0, 0.963 
49.137, 1. 0, 0.882 
49.157, 1. 0, 0.882 
49.137, 1. 0, 0.9