-, -7.14046, 0, 1, 280.  0
58.847, -8.16888, -7.14110, 0, 1, 280.  0
58.787, -8.16847, -7.14078, 0, 1, 280.  0
58.847, -8.16868, -7.14094, 0, 1, 280.  0
58.847, -8.16767, -7.14013, 0, 1, 280.  0
58.847, -8.16847, -7.14078, 0, 1, 280.  0
58.847, -8.16827, -7.14062, 0, 1, 280.  0
58.787, -8.16868, -7.14094, 0, 1, 280.  0
58.847, -8.16787, -7.14030, 0, 1, 280.  0
58.747, -8.16868, -7.14094, 0, 1, 280.  0
58.847, -8.16807, -7.14046, 0, 1, 280.  0
58.827, -8.16888, -7.14110, 0, 1, 280.  0
58.847, -8.16868, -7.14094, 0, 1, 280.  0
58.787, -8.16847, -7.14078, 0, 1, 280.  0
58.807, -8.16827, -7.14062, 0, 1, 280.  0
58.827, -8.16868, -7.14094, 0, 1, 280.  0
58.868, -8.16868, -7.14094, 0, 1, 280.  0
58.787, -8.16807, -7.14046, 0, 1, 280.  0
58.787, -8.16847, -7.14078, 0, 1, 280.  0
58.787, -8.16807, -7.14046, 0, 1, 280.  0
58.868, -8.16868, -7.14094, 0, 1, 280.  0
58.827, -8.16787, -7.14030, 0, 1, 280.  0
58.847, -8.16868, -7.14094, 0, 1, 280.  0
58.847, -8.16827, -7.14062, 0, 1, 280.  0
58.807, -8.16767, -7.14013, 0, 1, 280.  0
58.868, -8.16847, -7.14078, 0, 1, 280.  0
58.827, -8.16868, -7.14094, 0, 1, 280.  0
58.888, -8.16807, -7.14046, 0, 1, 280.  0
58.787, -8.16827, -7.14062, 0, 1, 280.  0
58.827, -9.18291, -8.16362, 0, 1, 319.999
58.747, -8.16847, -7.14078, 0, 1, 280.  0
58.888, -8.16847, -7.14078, 0, 1, 280.  0
58.787, -8.16787, -7.14030, 0, 1, 280.  0
58.847, -8.16847, -7.14078, 0, 1, 280.  0
58.807, -8.16807, -7.14046, 0, 1, 280.  0
58.847, -8.16868, -7.14094, 0, 1, 280.  0
58.847, -8.16807, -7.14046, 0, 1, 280.  0
58.827, -8.16888, -7.14110, 0, 1, 280.  0
59.331, -8.16807, -7.14046, 0, 1, 280.  0
58.767, -8.16827, -7.14062, 0, 1, 280.  0
58.827, -8.16767, -7.14013, 0, 1, 280.  0
58.827, -8.16847, -7.14078, 0, 1, 280.  0
58.908, -8.16847, -7.14078, 0, 1, 280.  0
58.807, -8.16847, -7.14078, 0, 1, 280.  0
58.847, -8.16807, -7.14046, 0, 1, 280.  0
58.787, -8.16847, -7.14078, 0, 1, 280.  0
58.868, -8.16827, -7.14062, 0, 1, 280.  0
58.807, -8.16888, -7.14110, 0, 1, 280.  0
58.847, -8.16868, -7.14094, 0, 1, 280.  0
58.787, -8.16807, -7.14046, 0, 1, 280.  0
58.868, -8.16888, -7.14110, 0, 1, 280.  0
58.787, -8.16767, -7.14013, 0, 1, 280.  0
58.868, -8.16827, -7.14062, 0, 1, 280.  0
58.868, -8.16767, -7.14013, 0, 1, 280.  0
58.847, -8.16868, -7.14094, 0, 1, 280.  0
58.868, -8.16807, -7.14046, 0, 1, 280.  0
58.827, -8.16827, -7.14062, 0, 1, 280.  0
58.847, -8.16787, -7.14030, 0, 1, 280.  0
58.807, -8.16827, -7.14062, 0, 1, 280.  0
58.847, -8.16807, -7.14046, 0, 1, 280.  0
58.747, -8.16868, -7.14094, 0, 1, 280.  0
58.827, -8.16465, -6.12772, 0, 1, 239.999
58.827, -8.16847, -7.14078, 0, 1, 280.  0
58.847, -8.16827, -7.14062, 0, 1, 280.  0
58.787, -8.16807, -7.14046, 0, 1, 280.  0
58.888, -8.16868, -7.14094, 0, 1, 280.  0
58.787, -8.16807, -7.14046, 0, 1, 280.  0
58.827, -8.16827, -7.14062, 0, 1, 280.  0
58.767, -8.16827, -7.14062, 0, 1, 280.  0
58.868, -8.16807, -7.14046, 0, 1, 280.  0
58.485, -8.16827, -7.14062, 0, 1, 280.  0
58.847, -8.16868, -7.14094, 0, 1, 280.  0
58.807, -8.16807, -7.14046, 0, 1, 280.  0
58.787, -8.16868, -7.14094, 0, 1, 280.  0
58.868, -8.16807, -7.14046, 0, 1, 280.  0
58.847, -8.16868, -7.14094, 0, 1, 280.  0
58.868, -8.16827, -7.14062, 0, 1, 280.  0
58.807, -8.16847, -7.14078, 0, 1, 280.  0
58.827, -8.16827, -7.14062, 0, 1, 280.  0
58.807, -8.16827, -7.14062, 0, 1, 280.  0
58.868, -8.16868, -7.14094, 0, 1, 280.  0
58.787, -8.16787, -7.14030, 0, 1, 280.  0
58.827, -8.16847, -7.14078, 0, 1, 280.  0
58.807, -8.16787, -7.14030, 0, 1, 280.  0
58.888, -8.16868, -7.14094, 0, 1, 280.  0
58.908, -8.16807, -7.14046, 0, 1, 280.  0
58.827, -8.16868, -7.14094, 0, 1, 280.  0
58.847, -8.16807, -7.14046, 0, 1, 280.  0
58.827, -8.16868, -7.14094, 0, 1, 280.  0
58.847, -8.16787, -7.14030, 0, 1, 280.  0
58.827, -8.16847, -7.14078, 0, 1, 280.  0
58.888, -8.16827, -7.14062, 0, 1, 280.  0
58.787, -8.16827, -7.14062, 0, 1, 280.  0
58.827, -8.16787, -7.14030, 0, 1, 280.  0
58.767, -8.16807, -7.14046, 0, 1, 280.  0
58.827, -8.16847, -7.14078, 0, 1, 280.  0
58.827, -8.16787, -7.14030, 0, 1, 280.  0
58.847, -8.16968, -7.14175, 0, 1, 280.  0
58.847, -8.16767, -7.14013, 0, 1, 280.  0
58.868, -8.16888, -7.14110, 0, 1, 280.  0
58.807, -8.16807, -7.14046, 0, 1, 280.  0
58.847, -8.16868, -7.14094, 0, 1, 280.  0
58.827, -8.16787, -7.14030, 0, 1, 280.  0
58.827, -8.16847, -7.14078, 0, 1, 280.  0
58.847, -8.16807, -7.14046, 0, 1, 280.  0
58.787, -8.16868, -7.14094, 0, 1, 280.  0
58.968, -8.16767, -7.14013, 0, 1, 280.  0
58.827, -8.16888, -7.14110, 0, 1, 280.  0
58.868, -8.16787, -7.14030, 0, 1, 280.  0
58.827, -8.16868, -7.14094, 0, 1, 280.  0
58.827, -8.16827, -7.14062, 0, 1, 280.  0
58.807, -8.16827, -7.14062, 0, 1, 280.  0
58.847, -8.16868, -7.14094, 0, 1, 280.  0
58.847, -8.16847, -7.14078, 0, 1, 280.  0
58.868, -8.16868, -7.14094, 0, 1, 280.  0
58.807, -8.16827, -7.14062, 0, 1, 280.  0
58.868, -8.16827, -7.14062, 0, 1, 280.  0
58.847, -8.16767, -7.14013, 0, 1, 280.  0
58.847, -8.16847, -7.14078, 0, 1, 280.  0
58.868, -8.16827, -7.14062, 0, 1, 280.  0
58.807, -8.16827, -7.14062, 0, 1, 280.  0
58.827, -8.16787, -7.14030, 0, 1, 280.  0
58.807, -8.16807, -7.14046, 0, 1, 280.  0
58.888, -8.16827, -7.14062, 0, 1, 280.  0
58.807, -8.16868, -7.14094, 0, 1, 280.  0
58.847, -8.16827, -7.14062, 0, 1, 280.  0
58.827, -8.16888, -7.14110, 0, 1, 280.  0
58.888, -8.16847, -7.14078, 0, 1, 280.  0
58.827, -8.16827, -7.14062, 0, 1, 280.  0
58.827, -8.16908, -7.14126, 0, 1, 280.  0
58.767, -8.16827, -7.14062, 0, 1, 280.  0
58.827, -8.16868, -7.14094, 0, 1, 280.  0
58.807, -8.16787, -7.14030, 0, 1, 280.  0
58.868, -8.16847, -7.14078, 0, 1, 280.  0
58.888, -8.16767, -7.14013, 0, 1, 280.  0
58.827, -8.16847, -7.14078, 0, 1, 280.  0
58.827, -8.16747, -6.12997, 0, 1, 239.999
58.767, -8.16888, -7.14110, 0, 1, 280.  0
58.888, -8.16807, -7.14046, 0, 1, 280.  0
58.807, -8.16827, -7.14062, 0, 1, 280.  0
58.787, -8.16767, -7.14013, 0, 1, 280.  0
58.787, -8.16827, -7.14062, 0, 1, 280.  0
58.807, -9.18311, -8.16380, 0, 1, 319.999
58.787, -8.16847, -7.14078, 0, 1, 280.  0
58.888, -8.16868, -7.14094, 0, 1, 280.  0
58.787, -8.16827, -7.14062, 0, 1, 280.  0
58.847, -8.16868, -7.14094, 0, 1, 280.  0
58.767, -8.16787, -7.14030, 0, 1, 280.  0
58.847, -8.16908, -7.14126, 0, 1, 280.  0
58.847, -8.16787, -7.14030, 0, 1, 280.  0
58.868, -8.16847, -7.14078, 0, 1, 280.  0
59.351, -8.16807, -7.14046, 0, 1, 280.  0
58.787, -8.16847, -7.14078, 0, 1, 280.  0
58.787, -8.16787, -7.14030, 0, 1, 280.  0
58.787, -8.16847, -7.14078, 0, 1, 280.  0
58.868, -8.16827, -7.14062, 0, 1, 280.  0
58.827, -8.16847, -7.14078, 0, 1, 280.  0
58.847, -8.16787, -7.14030, 0, 1, 280.  0
58.767, -8.16827, -7.14062, 0, 1, 280.  0
58.827, -8.16827, -7.14062, 0, 1, 280.  0
58.807, -8.16888, -7.14110, 0, 1, 280.  0
58.868, -8.16888, -7.14110, 0, 1, 280.  0
58.807, -8.16827, -7.14062, 0, 1, 280.  0
58.847, -8.16847, -7.14078, 0, 1, 280.  0
58.807, -8.16807, -7.14046, 0, 1, 280.  0
58.847, -8.16868, -7.14094, 0, 1, 280.  0
58.827, -8.16787, -7.14030, 0, 1, 280.  0
58.847, -8.16868, -7.14094, 0, 1, 280.  0
58.847, -8.16787, -7.14030, 0, 1, 280.  0
58.827, -8.16847, -7.14078, 0, 1, 280.  0
58.807, -8.16807, -7.14046, 0, 1, 280.  0
58.807, -8.16868, -7.14094, 0, 1, 280.  0
58.868, -8.16807, -7.14046, 0, 1, 280.  0
58.787, -8.16847, -7.14078, 0, 1, 280.  0
58.868, -8.16485, -6.12788, 0, 1, 239.999
58.807, -8.16827, -7.14062, 0, 1, 280.  0
58.847, -8.16827, -7.14062, 0, 1, 280.  0
58.747, -8.16727, -6.12981, 0, 1, 239.999
58.847, -8.16847, -7.14078, 0, 1, 280.  0
58.807, -8.16787, -7.14030, 0, 1, 280.  0
58.807, -8.16847, -7.14078, 0, 1, 280.  0
58.767, -8.16787, -7.14030, 0, 1, 280.  0
58.847, -8.16847, -7.14078, 0, 1, 280.  0
58.505, -8.16807, -7.14046, 0, 1, 280.  0
58.928, -8.16847, -7.14078, 0, 1, 280.  0
58.868, -8.16827, -7.14062, 0, 1, 280.  0
58.827, -8.16827, -7.14062, 0, 1, 280.  0
58.847, -8.16807, -7.14046, 0, 1, 280.  0
58.807, -8.16847, -7.14078, 0, 1, 280.  0
58.847, -8.16807, -7.14046, 0, 1, 280.  0
58.807, -8.16888, -7.14110, 0, 1, 280.  0
58.807, -8.16847, -7.14078, 0, 1, 280.  0
58.827, -8.16827, -7.14062, 0, 1, 280.  0
58.868, -8.16868, -7.14094, 0, 1, 280.  0
58.807, -8.16787, -7.14030, 0, 1, 280.  0
58.847, -8.16888, -7.14110, 0, 1, 280.  0
58.827, -8.16827, -7.14062, 0, 1, 280.  0
58.827, -8.16847, -7.14078, 0, 1, 280.  0
58.888, -8.16787, -7.14030, 0, 1, 280.  0
58.827, -8.16868, -7.14094, 0, 1, 280.  0
58.868, -8.16847, -7.14078, 0, 1, 280.  0
58.767, -8.16868, -7.14094, 0, 1, 280.  0
58.847, -8.16807, -7.14046, 0, 1, 280.  0
58.807, -8.16847, -7.14078, 0, 1, 280.  0
58.868, -8.16847, -7.14078, 0, 1, 280.  0
58.787, -8.16847, -7.14078, 0, 1, 280.  0
58.827, -8.16868, -7.14094, 0, 1, 280.  0
58.787, -8.16827, -7.14062, 0, 1, 280.  0
58.868, -8.16847, -7.14078, 0, 1, 280.  0
58.807, -8.16827, -7.14062, 0, 1, 280.  0
58.868, -8.16928, -7.14142, 0, 1, 280.  0
58.827, -8.16827, -7.14062, 0, 1, 280.  0
58.827, -8.16868, -7.14094, 0, 1, 280.  0
58.747, -8.16827, -7.14062, 0, 1, 280.  0
58.888, -8.16888, -7.14110, 0, 1, 280.  0
58.827, -8.16747, -6.12997, 0, 1, 239.999
58.827, -8.16827, -7.14062, 0, 1, 280.  0
58.807, -8.16787, -7.14030, 0, 1, 280.  0
58.767, -8.16888, -7.14110, 0, 1, 280.  0
59.472, -8.16747, -6.12997, 0, 1, 239.999

 System Startup!

 Motor Initialized! 

 Load Cell Configured! 

 Controller Initialized! 
58.968, -8.16968, -7.14175, 0, 1, 280.  0
58.928, -8.16928, -7.14142, 0, 1, 280.  0
58.948, -8.16948, -7.14158, 0, 1, 280.  0
58.928, -8.16888, -7.14110, 0, 1, 280.  0
58.908, -8.16928, -7.14142, 0, 1, 280.  0
58.989, -8.16928, -7.14142, 0, 1, 280.  0
58.968, -8.16968, -7.14175, 0, 1, 280.  0
58.948, -8.16888, -7.14110, 0, 1, 280.  0
58.948, -8.16968, -7.14175, 0, 1, 280.  0
58.928, -8.16928, -7.14142, 0, 1, 280.  0
58.908, -8.16928, -7.14142, 0, 1, 280.  0
58.908, -8.16908, -7.14126, 0, 1, 280.  0
58.908, -8.16928, -7.14142, 0, 1, 280.  0
58.948, -8.16968, -7.14175, 0, 1, 280.  0
58.948, -8.16888, -7.14110, 0, 1, 280.  0
58.908, -8.16928, -7.14142, 0, 1, 280.  0
58.928, -8.16888, -7.14110, 0, 1, 280.  0
58.948, -8.16928, -7.14142, 0, 1, 280.  0
58.888, -8.16868, -7.14094, 0, 1, 280.  0
58.888, -8.16968, -7.14175, 0, 1, 280.  0
58.928, -8.16948, -7.14158, 0, 1, 280.  0
58.928, -8.16968, -7.14175, 0, 1, 280.  0
58.968, -8.16928, -7.14142, 0, 1, 280.  0
58.908, -8.16928, -7.14142, 0, 1, 280.  0
58.928, -8.16948, -7.14158, 0, 1, 280.  0
58.928, -8.16948, -7.14158, 0, 1, 280.  0
58.968, -8.16948, -7.14158, 0, 1, 280.  0
58.908, -8.16928, -7.14142, 0, 1, 280.  0
58.968, -8.16948, -7.14158, 0, 1, 280.  0
58.908, -8.16948, -7.14158, 0, 1, 280.  0
58.948, -8.16948, -7.14158, 0, 1, 280.  0
58.989, -8.16908, -7.14126, 0, 1, 280.  0
58.968, -8.16948, -7.14158, 0, 1, 280.  0
58.908, -8.16948, -7.14158, 0, 1, 280.  0
58.948, -8.16948, -7.14158, 0, 1, 280.  0
58.888, -8.16928, -7.14142, 0, 1, 280.  0
58.908, -8.16968, -7.14175, 0, 1, 280.  0
58.847, -8.16727, -6.12981, 0, 1, 239.999
55.906, -7.14054, -4.8938, 0, 1, 159.999
52.199, -2.4501, 0.500, 0, 1, 0.  0
50.346, 0. 84, 0.  0, 1, 1, 0.  0
55.100, -4.8858, -1.2943, 0, 1, 39.999
59.391, -9.18190, -8.16271, 0, 1, 319.999
56.208, -6.12954, -4.8172, 0, 1, 159.999
49.379, 0.600, 0. 11, 1, 1, 0.  0
47.888, 2. 31, 0.756, 1, 1, 0.  0
53.670, -2.4703, 0.255, 0, 1, 0.  0
59.875, -9.18311, -8.16380, 0, 1, 319.999
56.289, -6.12591, -3.6954, 0, 1, 119.999
47.465, 2. 71, 0.496, 1, 1, 0.  0
45.591, 4.509, 2.644, 1, 1, 79.999
51.494, -1.2514, 0.817, 1, 1, 0.  0
60.641, -10.20016, -10.20016, 0, 1, 400.  0
56.631, -7.14095, -4.8966, 0, 1, 159.999
45.994, 3.421, 1.180, 1, 1, 39.999
44. 20, 5.496, 3.748, 1, 1, 119.999
52.663, -1.2836, 0.772, 1, 1, 0.  0
62.554, -12.24716, -15.30259, 0, 1, 600.  0
56.531, -7.14296, -5.10107, 0, 1, 200.  0
45.793, 3.380, 1.178, 1, 1, 39.999
45.732, 5. 53, 3.526, 1, 1, 119.999
56.128, -4.8879, -1.2175, 0, 1, 39.999
64.650, -14.28630, -20.40482, 0, 1, 800.  0
57.659, -8.16404, -6.12723, 0, 1, 239.999
49.197, 0.681, 0. 12, 1, 1, 0.  0
48.694, 1.366, 0.468, 1, 1, 0.  0
56.551, -5.10866, -2.4933, 0, 1, 79.999
62.575, -12.24272, -14.28727, 0, 1, 560.  0
58.445, -8.16727, -6.12981, 0, 1, 239.999
52.300, -2.4582, 0.516, 0, 1, 0.  0
51.675, -1.2434, 0.143, 0, 1, 0.  0
56.349, -6.12027, -3.6616, 0, 1, 119.999
59. 69, -9.18150, -8.16235, 0, 1, 319.999
56.369, -6.12531, -3.6918, 0, 1, 119.999
52.260, -2.4340, 0.468, 0, 1, 0.  0
51.877, -1.2736, 0.173, 0, 1, 0.  0
55. 80, -4.8858, -1.2943, 0, 1, 39.999
56.611, -6.12591, -3.6954, 0, 1, 119.999
53.529, -3.6791, -1.2137, 0, 1, 39.999
50.225, 0.205, 0.  0, 1, 1, 0.  0
51.494, -1.2272, 0.127, 0, 1, 0.  0
55. 60, -4.8999, -1.2999, 0, 1, 39.999
54.858, -4.8818, -1.2927, 0, 1, 39.999
50.567, -1.2172, 0.117, 0, 1, 0.  0
49. 36, 1.225, 0.216, 1, 1, 0.  0
50.809, 0.930, 0.151, 1, 1, 0.  0
54.214, -3.6589, -1.2076, 0, 1, 39.999
51.857, -2.4380, 0.476, 0, 1, 0.  0
48.311, 2.172, 0.557, 1, 1, 0.  0
48. 89, 2.111, 0.947, 1, 1, 0.  0
51.252, -1.2031, 0.515, 1, 1, 0.  0
53.589, -2.4804, 0.441, 0, 1, 0.  0
50.708, 0.930, 0.  0, 1, 1, 0.  0
47.304, 2.756, 0.819, 1, 1, 0.  0
47.807, 2.232, 1.189, 1, 1, 39.999
51.917, -1.2897, 0.553, 1, 1, 0.  0
54.315, -4.8456, -1.2694, 0, 1, 39.999
51. 51, -1.2152, 0.115, 0, 1, 0.  0
47.868, 2.272, 0.655, 1, 1, 0.  0
48.130, 1.749, 0.776, 1, 1, 0.  0
51.716, -1.2575, 0.466, 1, 1, 0.  0
53.952, -4.8415, -1.2732, 0, 1, 39.999
50.789, -1.2010, 0.101, 0, 1, 0.  0
47.827, 2.111, 0.637, 1, 1, 0.  0
48.472, 1.688, 0.746, 1, 1, 0.  0
51.675, -1.2575, 0.401, 1, 1, 0.  0
54.677, -3.6831, -1.2117, 0, 1, 39.999
50.547, 0.930, 0.  0, 1, 1, 0.  0
48.331, 1.608, 0.329, 1, 1, 0.  0
49. 16, 1.104, 0.535, 1, 1, 0.  0
51.615, -1.2454, 0.208, 1, 1, 0.  0
52.521, -2.4401, 0.480, 0, 1, 0.  0
50.406, 0.487, 0.  0, 1, 1, 0.  0
48.391, 1.628, 0.314, 1, 1, 0.  0
48.230, 1.769, 0.651, 1, 1, 0.  0
49.338, 0.721, 0.690, 1, 1, 0.  0
50.225, 0.265, 0.703, 1, 1, 0.  0
49.439, 0.540, 0.714, 1, 1, 0.  0
46.598, 1.648, 1. 86, 1, 1, 39.999
50.527, 0.426, 0.994, 1, 1, 0.  0
50.950, 0.950, 0.795, 1, 1, 0.  0
47.968, 2. 51, 1.301, 1, 1, 39.999
46. 54, 4.126, 2.650, 1, 1, 79.999
47.183, 3.421, 2. 26, 1, 1, 79.999
49.157, 1. 23, 1.102, 1, 1, 39.999
50. 43, 0. 43, 0.987, 1, 1, 0.  0
47.989, 1.950, 1.195, 1, 1, 39.999
45.994, 4.347, 2.739, 1, 1, 79.999
45.994, 4.690, 2.876, 1, 1, 79.999
48. 89, 1.829, 1.182, 1, 1, 39.999
49.399, 0.882, 1.  0, 1, 1, 39.999
48. 89, 1.769, 1.176, 1, 1, 39.999
45.913, 3.360, 2.  8, 1, 1, 79.999
45.  7, 5. 73, 3.536, 1, 1, 119.999
47.283, 2.776, 1.555, 1, 1, 39.999
49.177, 1.487, 1.148, 1, 1, 39.999
48.673, 1.305, 1.130, 1, 1, 39.999
46.901, 2.978, 1.595, 1, 1, 39.999
46. 14, 4. 65, 2.626, 1, 1, 79.999
47.102, 2.816, 1.563, 1, 1, 39.999
48.794, 1. 84, 1.108, 1, 1, 39.999
49. 97, 0.902, 1.  0, 1, 1, 39.999
47.807, 1.789, 1.178, 1, 1, 39.999
47.102, 2.736, 1.547, 1, 1, 39.999
47.404, 2.172, 1.434, 1, 1, 39.999
48.714, 1.608, 1.160, 1, 1, 39.999
49.802, 0.258, 1.  0, 1, 1, 39.999
49.923, 0.318, 1.  0, 1, 1, 39.999
49.338, 0.782, 1.  0, 1, 1, 39.999
49.137, 1. 43, 1.104, 1, 1, 39.999
48.915, 1.  3, 1.100, 1, 1, 39.999
49.419, 1.104, 1.110, 1, 1, 39.999
49.761, 0.  3, 0.999, 1, 1, 0.  0
50.124, 0.164, 0.975, 1, 1, 0.  0
50.285, 1.305, 1.130, 1, 1, 39.999
50.205, 0.137, 1.  0, 1, 1, 39.999
50.426, 0.628, 0.931, 1, 1, 0.  0
49.701, 0.338, 0.898, 1, 1, 0.  0
49. 56, 0.983, 1.  0, 1, 1, 39.999
52.239, -2.4179, 0.374, 1, 1, 0.  0
51.796, -1.2857, 0.208, 1, 1, 0.  0
48.553, 1.406, 0.541, 1, 1, 0.  0
47. 82, 2.877, 1.411, 1, 1, 39.999
48.412, 1.869, 1.186, 1, 1, 39.999
52. 38, -1.2091, 0.842, 1, 1, 0.  0
51.293, -1.2413, 0.544, 1, 1, 0.  0
49.157, 0.802, 0.653, 1, 1, 0.  0
47.767, 1.386, 1. 85, 1, 1, 39.999
48.512, 1.648, 1.164, 1, 1, 39.999
49.761, 0.137, 1.  0, 1, 1, 39.999
50.386, 0.446, 0.954, 1, 1, 0.  0
49. 36, 0.802, 0.989, 1, 1, 0.  0
48.190, 1.869, 1.186, 1, 1, 39.999
48.391, 1.728, 1.172, 1, 1, 39.999
48.855, 1.164, 1.116, 1, 1, 39.999
49.137, 0.782, 1.  0, 1, 1, 39.999
49.157, 0.902, 1.  0, 1, 1, 39.999
49.117, 0.983, 1.  0, 1, 1, 39.999
48.935, 0.963, 1.  0, 1, 1, 39.999
48.694, 1.205, 1.120, 1, 1, 39.999
48.855, 1.184, 1.118, 1, 1, 39.999
49.177, 0.963, 1.  0, 1, 1, 39.999
49.560, 0.278, 1.  0, 1, 1, 39.999
49.802, 0.298, 1.  0, 1, 1, 39.999
49.540, 0.620, 1.  0, 1, 1, 39.999
49.137, 0.520, 1.  0, 1, 1, 39.999
50. 64, 1. 23, 1.102, 1, 1, 39.999
48.532, 0.399, 1.  0, 1, 1, 39.999
49.902, 0.285, 0.990, 1, 1, 0.  0
52.441, -2.4401, 0.199, 1, 1, 0.  0
50.205, 0.366, 0.424, 1, 1, 0.  0
47.888, 2.131, 1. 72, 1, 1, 39.999
47.888, 2.272, 1.454, 1, 1, 39.999
50.245, 0.184, 0.998, 1, 1, 0.  0
52. 38, -1.2978, 0.534, 1, 1, 0.  0
50.789, 0.507, 0.472, 1, 1, 0.  0
48.815, 1.386, 0.686, 1, 1, 0.  0
48.633, 1.346, 0.922, 1, 1, 0.  0
49.923, 0. 97, 0.910, 1, 1, 0.  0
51.393, -1.2333, 0.634, 1, 1, 0.  0
51.152, -1.2152, 0.415, 1, 1, 0.  0
49.721, 0.338, 0.459, 1, 1, 0.  0
49. 16, 0.963, 0.595, 1, 1, 0.  0
49.318, 0.681, 0.747, 1, 1, 0.  0
50.205, 0.164, 0.779, 1, 1, 0.  0
50.527, 0.547, 0.706, 1, 1, 0.  0
50.144, 0.245, 0.646, 1, 1, 0.  0
49.479, 0.379, 0.678, 1, 1, 0.  0
49.399, 0.580, 0.769, 1, 1, 0.  0
49.600, 0.379, 0.846, 1, 1, 0.  0
49.862, 0.157, 0.885, 1, 1, 0.  0
49.862, 0. 97, 0.904, 1, 1, 0.  0
49.741, 0.238, 0.940, 1, 1, 0.  0
49.661, 0.298, 0.986, 1, 1, 0.  0
50.  3, 0.124, 0.998, 1, 1, 0.  0
50.426, 0.366, 0.920, 1, 1, 0.  0
49.137, 0.802, 0.963, 1, 1, 0.  0
50.225, 0.298, 1.  0, 1, 1, 39.999
52.703, -2.4864, 0. 86, 1, 1, 0.  0
51.131, -1.2111, 0.160, 1, 1, 0.  0
48.371, 1.829, 0.603, 1, 1, 0.  0
47.445, 2.615, 1.405, 1, 1, 39.999
50.124, 0.600, 1.  0, 1, 1, 39.999
52.602, -2.4602, 0.182, 1, 1, 0.  0
50.869, 0.970, 0.366, 1, 1, 0.  0
48.452, 1.547, 0.632, 1, 1, 0.  0
48.190, 1.769, 0.976, 1, 1, 0.  0
53.126, -3.6025, 0.263, 0, 1, 0.  0
53.166, -3.6388, -1.2016, 0, 1, 39.999
49.399, 1.205, 0.164, 1, 1, 0.  0
46.840, 3. 38, 1.400, 1, 1, 39.999
49.661, 0.681, 0.840, 1, 1, 0.  0
52.481, -2.4723, 0. 23, 1, 1, 0.  0
51.514, -1.2575, 0. 12, 0, 1, 0.  0
48.653, 1.245, 0.303, 1, 1, 0.  0
47.928, 2.111, 0.938, 1, 1, 0.  0
49.520, 0.459, 0.740, 1, 1, 0.  0
51.595, -1.2635, 0.431, 1, 1, 0.  0
51.454, -1.2695, 0.110, 1, 1, 0.  0
49.338, 0.641, 0.231, 1, 1, 0.  0
48.331, 1.648, 0.627, 1, 1, 0.  0
48.956, 1.164, 0.827, 1, 1, 0.  0
50.265, 0.285, 0.772, 1, 1, 0.  0
50.749, 0.829, 0.660, 1, 1, 0.  0
49.983, 0.144, 0.588, 1, 1, 0.  0
49.117, 0.842, 0.679, 1, 1, 0.  0
49. 97, 0.923, 0.845, 1, 1, 0.  0
49.620, 0.419, 0.952, 1, 1, 0.  0
49.862, 0.117, 0.967, 1, 1, 0.  0
49.882, 0.338, 1.  0, 1, 1, 39.999
50. 23, 0. 16, 0.999, 1, 1, 0.  0
50.728, 0.950, 0.904, 1, 1, 0.  0
50. 84, 0.326, 0.791, 1, 1, 0.  0
48.633, 0.117, 0.911, 1, 1, 0.  0
51.232, -1.2091, 0.864, 1, 1, 0.  0
52.985, -3.6065, 0.384, 0, 1, 0.  0
50.648, 0.829, 0.194, 1, 1, 0.  0
48.130, 1.890, 0.544, 1, 1, 0.  0
48.  9, 2.172, 1.153, 1, 1, 39.999
52.239, -2.4139, 0.246, 1, 1, 0.  0
53.347, -3.6670, -1.2023, 0, 1, 39.999
50. 84, 0.245, 0.  0, 1, 1, 0.  0
48.291, 1.789, 0.403, 1, 1, 0.  0
49.701, 0.782, 0.452, 1, 1, 0.  0
52.360, -2.4280, 0.193, 0, 1, 0.  0
53.126, -3.6227, 0.968, 0, 1, 0.  0
51. 91, -1.2091, 0.109, 0, 1, 0.  0
48.976, 0.983, 0. 71, 1, 1, 0.  0
49.258, 0.741, 0.252, 1, 1, 0.  0
50.930, 0.789, 0.231, 1, 1, 0.  0
51.796, -1.2756, 0.175, 0, 1, 0.  0
50.910, 0.950, 0.  0, 1, 1, 0.  0
49.520, 0.419, 0. 24, 1, 1, 0.  0
49.318, 0.701, 0.144, 1, 1, 0.  0
50.184, 0.124, 0.184, 1, 1, 0.  0
50.628, 0.648, 0. 96, 1, 1, 0.  0
50.265, 0.326, 0.  7, 1, 1, 0.  0
49.499, 0.379, 0. 32, 1, 1, 0.  0
49.459, 0.540, 0.126, 1, 1, 0.  0
49.842, 0.177, 0.184, 1, 1, 0.  0
50. 23, 0. 43, 0.185, 1, 1, 0.  0
49.782, 0.177, 0.198, 1, 1, 0.  0
49.479, 0.439, 0.262, 1, 1, 0.  0
49.580, 0.439, 0.347, 1, 1, 0.  0
49.802, 0.238, 0.400, 1, 1, 0.  0
49.842, 0.137, 0.417, 1, 1, 0.  0
49.600, 0.419, 0.466, 1, 1, 0.  0
49.399, 0.600, 0.560, 1, 1, 0.  0
49.540, 0.520, 0.656, 1, 1, 0.  0
49.963, 0. 76, 0.699, 1, 1, 0.  0
50.  3, 0. 43, 0.692, 1, 1, 0.  0
49.842, 0.117, 0.694, 1, 1, 0.  0
49.721, 0.298, 0.736, 1, 1, 0.  0
49.842, 0.117, 0.779, 1, 1, 0.  0
50.285, 0.265, 0.768, 1, 1, 0.  0
50.587, 0.628, 0.684, 1, 1, 0.  0
50.567, 0.587, 0.578, 1, 1, 0.  0
50.366, 0.305, 0.511, 1, 1, 0.  0
50.305, 0.265, 0.468, 1, 1, 0.  0
50.668, 0.668, 0.384, 1, 1, 0.  0
51. 71, -1.2131, 0.111, 1, 1, 0.  0
51.252, -1.2152, 0. 93, 0, 1, 0.  0
50.849, 0.890, 0.  0, 1, 1, 0.  0
50.648, 0.668, 0.  0, 1, 1, 0.  0
50.829, 0.869, 0.  0, 1, 1, 0.  0
51.172, -1.2131, 0.113, 0, 1, 0.  0
51.212, -1.2212, 0.121, 0, 1, 0.  0
50.970, 0.990, 0.  0, 1, 1, 0.  0
50.789, 0.728, 0.  0, 1, 1, 0.  0
50.728, 0.688, 0.  0, 1, 1, 0.  0
50.869, 0.849, 0.  0, 1, 1, 0.  0
50.869, 0.910, 0.  0, 1, 1, 0.  0
50.668, 0.668, 0.  0, 1, 1, 0.  0
50.426, 0.426, 0.  0, 1, 1, 0.  0
50.164, 0.245, 0.  0, 1, 1, 0.  0
50.225, 0.225, 0.  0, 1, 1, 0.  0
50.184, 0.245, 0.  0, 1, 1, 0.  0
50.104, 0.104, 0.  0, 1, 1, 0.  0
49.902, 0. 16, 0.  3, 1, 1, 0.  0
49.842, 0.157, 0. 23, 1, 1, 0.  0
49.741, 0.217, 0. 57, 1, 1, 0.  0
49.782, 0.197, 0. 94, 1, 1, 0.  0
49.741, 0.278, 0.134, 1, 1, 0.  0
49.782, 0.177, 0.171, 1, 1, 0.  0
49.761, 0.278, 0.212, 1, 1, 0.  0
49.741, 0.258, 0.255, 1, 1, 0.  0
49.701, 0.318, 0.304, 1, 1, 0.  0
49.782, 0.278, 0.354, 1, 1, 0.  0
49.822, 0.238, 0.393, 1, 1, 0.  0
49.882, 0.117, 0.417, 1, 1, 0.  0
49.963, 0. 56, 0.433, 1, 1, 0.  0
49.902, 0. 56, 0.443, 1, 1, 0.  0
50.  3, 0.  3, 0.451, 1, 1, 0.  0
50.104, 0.144, 0.442, 1, 1, 0.  0
50.225, 0.346, 0.410, 1, 1, 0.  0
50.346, 0.346, 0.355, 1, 1, 0.  0
50.406, 0.366, 0.291, 1, 1, 0.  0
50.346, 0.285, 0.236, 1, 1, 0.  0
50.366, 0.305, 0.180, 1, 1, 0.  0
50.406, 0.406, 0.112, 1, 1, 0.  0
50.547, 0.547, 0. 25, 1, 1, 0.  0
50.547, 0.507, 0.  0, 1, 1, 0.  0
50.446, 0.467, 0.  0, 1, 1, 0.  0
50.467, 0.366, 0.  0, 1, 1, 0.  0
50.467, 0.507, 0.  0, 1, 1, 0.  0
50.608, 0.567, 0.  0, 1, 1, 0.  0
50.608, 0.587, 0.  0, 1, 1, 0.  0
50.567, 0.507, 0.  0, 1, 1, 0.  0
50.467, 0.507, 0.  0, 1, 1, 0.  0
50.587, 0.527, 0.  0, 1, 1, 0.  0
50.547, 0.547, 0.  0, 1, 1, 0.  0
50.587, 0.547, 0.  0, 1, 1, 0.  0
50.507, 0.487, 0.  0, 1, 1, 0.  0
50.507, 0.386, 0.  0, 1, 1, 0.  0
50.467, 0.406, 0.  0, 1, 1, 0.  0
50.426, 0.467, 0.  0, 1, 1, 0.  0
50.487, 0.487, 0.  0, 1, 1, 0.  0
50.467, 0.446, 0.  0, 1, 1, 0.  0
50.406, 0.386, 0.  0, 1, 1, 0.  0
50.346, 0.386, 0.  0, 1, 1, 0.  0
50.366, 0.326, 0.  0, 1, 1, 0.  0
50.326, 0.305, 0.  0, 1, 1, 0.  0
50.265, 0.205, 0.  0, 1, 1, 0.  0
50.225, 0.265, 0.  0, 1, 1, 0.  0
50.164, 0.225, 0.  0, 1, 1, 0.  0
50.144, 0.164, 0.  0, 1, 1, 0.  0
50.124, 0. 64, 0.  0, 1, 1, 0.  0
50. 23, 0.  3, 0.  0, 1, 1, 0.  0
49.943, 0. 36, 0.  4, 1, 1, 0.  0
49.943, 0. 56, 0. 11, 1, 1, 0.  0
49.943, 0. 97, 0. 21, 1, 1, 0.  0
49.882, 0.117, 0. 39, 1, 1, 0.  0
49.822, 0.117, 0. 64, 1, 1, 0.  0
49.802, 0.197, 0. 98, 1, 1, 0.  0
49.842, 0.137, 0.125, 1, 1, 0.  0
49.822, 0.137, 0.148, 1, 1, 0.  0
49.802, 0. 56, 0.166, 1, 1, 0.  0
49.902, 0.117, 0.186, 1, 1, 0.  0
49.983, 0. 16, 0.198, 1, 1, 0.  0
50. 23, 0. 36, 0.200, 1, 1, 0.  0
50. 84, 0.124, 0.187, 1, 1, 0.  0
50.205, 0.225, 0.160, 1, 1, 0.  0
50.184, 0.164, 0.127, 1, 1, 0.  0
50.245, 0.305, 0. 91, 1, 1, 0.  0
50.346, 0.346, 0. 39, 1, 1, 0.  0
50.608, 0.507, 0.  0, 1, 1, 0.  0
50.587, 0.547, 0.  0, 1, 1, 0.  0
50.668, 0.628, 0.  0, 1, 1, 0.  0
50.728, 0.648, 0.  0, 1, 1, 0.  0
50.769, 0.789, 0.  0, 1, 1, 0.  0
50.829, 0.829, 0.  0, 1, 1, 0.  0
50.849, 0.829, 0.  0, 1, 1, 0.  0
50.829, 0.849, 0.  0, 1, 1, 0.  0
50.749, 0.769, 0.  0, 1, 1, 0.  0
50.769, 0.728, 0.  0, 1, 1, 0.  0
50.749, 0.769, 0.  0, 1, 1, 0.  0
50.728, 0.789, 0.  0, 1, 1, 0.  0
50.628, 0.628, 0.  0, 1, 1, 0.  0
50.587, 0.547, 0.  0, 1, 1, 0.  0
50.487, 0.467, 0.  0, 1, 1, 0.  0
50.426, 0.386, 0.  0, 1, 1, 0.  0
50.265, 0.305, 0.  0, 1, 1, 0.  0
50.245, 0.265, 0.  0, 1, 1, 0.  0
50.104, 0.124, 0.  0, 1, 1, 0.  0
49.963, 0. 23, 0.  0, 1, 1, 0.  0
50.  3, 0. 76, 0.  0, 1, 1, 0.  0
50. 23, 0. 36, 0.  8, 1, 1, 0.  0
49.902, 0. 97, 0. 25, 1, 1, 0.  0
49.822, 0.197, 0. 52, 1, 1, 0.  0
49.822, 0.238, 0. 85, 1, 1, 0.  0
49.782, 0.157, 0.117, 1, 1, 0.  0
49.782, 0.197, 0.149, 1, 1, 0.  0
49.822, 0.177, 0.180, 1, 1, 0.  0
49.842, 0.177, 0.208, 1, 1, 0.  0
49.882, 0.117, 0.227, 1, 1, 0.  0
49.943, 0. 16, 0.239, 1, 1, 0.  0
49.963, 0.  3, 0.246, 1, 1, 0.  0
50. 43, 0. 23, 0.246, 1, 1, 0.  0
50. 43, 0. 43, 0.238, 1, 1, 0.  0
50.184, 0.124, 0.219, 1, 1, 0.  0
50.205, 0.205, 0.189, 1, 1, 0.  0
50.285, 0.265, 0.149, 1, 1, 0.  0
50.346, 0.305, 0. 99, 1, 1, 0.  0
50.346, 0.366, 0. 41, 1, 1, 0.  0
50.426, 0.426, 0.  0, 1, 1, 0.  0
50.446, 0.467, 0.  0, 1, 1, 0.  0
50.487, 0.406, 0.  0, 1, 1, 0.  0
50.446, 0.487, 0.  0, 1, 1, 0.  0
50.507, 0.487, 0.  0, 1, 1, 0.  0
50.527, 0.446, 0.  0, 1, 1, 0.  0
50.547, 0.567, 0.  0, 1, 1, 0.  0
50.547, 0.547, 0.  0, 1, 1, 0.  0
50.567, 0.567, 0.  0, 1, 1, 0.  0
50.467, 0.507, 0.  0, 1, 1, 0.  0
50.547, 0.487, 0.  0, 1, 1, 0.  0
50.507, 0.487, 0.  0, 1, 1, 0.  0
50.487, 0.507, 0.  0, 1, 1, 0.  0
50.446, 0.467, 0.  0, 1, 1, 0.  0
50.507, 0.467, 0.  0, 1, 1, 0.  0
50.467, 0.406, 0.  0, 1, 1, 0.  0
50.426, 0.406, 0.  0, 1, 1, 0.  0
50.426, 0.386, 0.  0, 1, 1, 0.  0
50.426, 0.446, 0.  0, 1, 1, 0.  0
50.467, 0.426, 0.  0, 1, 1, 0.  0
50.406, 0.426, 0.  0, 1, 1, 0.  0
50.346, 0.346, 0.  0, 1, 1, 0.  0
50.305, 0.305, 0.  0, 1, 1, 0.  0
50.265, 0.265, 0.  0, 1, 1, 0.  0
50.225, 0.144, 0.  0, 1, 1, 0.  0
50.164, 0.205, 0.  0, 1, 1, 0.  0
50. 84, 0. 84, 0.  0, 1, 1, 0.  0
50.124, 0.104, 0.  0, 1, 1, 0.  0
50. 64, 0. 43, 0.  0, 1, 1, 0.  0
50.124, 0. 84, 0.  0, 1, 1, 0.  0
50. 84, 0.  3, 0.  0, 1, 1, 0.  0
50. 43, 0. 16, 0.  0, 1, 1, 0.  0
49.943, 0. 76, 0.  6, 1, 1, 0.  0
49.943, 0. 36, 0. 16, 1, 1, 0.  0
49.983, 0. 76, 0. 28, 1, 1, 0.  0
49.963, 0.  3, 0. 36, 1, 1, 0.  0
49.923, 0. 56, 0. 46, 1, 1, 0.  0
49.963, 0. 97, 0. 58, 1, 1, 0.  0
49.983, 0. 36, 0. 68, 1, 1, 0.  0
50. 23, 0.  3, 0. 68, 1, 1, 0.  0
50.104, 0. 84, 0. 57, 1, 1, 0.  0
50.124, 0.104, 0. 42, 1, 1, 0.  0
50.184, 0.124, 0. 22, 1, 1, 0.  0
50.184, 0.184, 0.  0, 1, 1, 0.  0
50.245, 0.225, 0.  0, 1, 1, 0.  0
50.386, 0.305, 0.  0, 1, 1, 0.  0
50.426, 0.406, 0.  0, 1, 1, 0.  0
50.487, 0.406, 0.  0, 1, 1, 0.  0
50.467, 0.487, 0.  0, 1, 1, 0.  0
50.547, 0.426, 0.  0, 1, 1, 0.  0
50.608, 0.608, 0.  0, 1, 1, 0.  0
50.628, 0.628, 0.  0, 1, 1, 0.  0
50.567, 0.668, 0.  0, 1, 1, 0.  0
50.708, 0.668, 0.  0, 1, 1, 0.  0
50.567, 0.648, 0.  0, 1, 1, 0.  0
50.688, 0.648, 0.  0, 1, 1, 0.  0
50.628, 0.688, 0.  0, 1, 1, 0.  0
50.628, 0.608, 0.  0, 1, 1, 0.  0
50.547, 0.507, 0.  0, 1, 1, 0.  0
50.547, 0.527, 0.  0, 1, 1, 0.  0
50.487, 0.487, 0.  0, 1, 1, 0.  0
50.426, 0.467, 0.  0, 1, 1, 0.  0
50.386, 0.406, 0.  0, 1, 1, 0.  0
50.305, 0.326, 0.  0, 1, 1, 0.  0
50.245, 0.245, 0.  0, 1, 1, 0.  0
50.184, 0.184, 0.  0, 1, 1, 0.  0
50.144, 0.144, 0.  0, 1, 1, 0.  0
50. 84, 0.184, 0.  0, 1, 1, 0.  0
50. 64, 0. 23, 0.  0, 1, 1, 0.  0
49.943, 0.  3, 0.  0, 1, 1, 0.  0
50. 23, 0. 16, 0.  1, 1, 1, 0.  0
49.963, 0. 56, 0.  7, 1, 1, 0.  0
49.963, 0. 56, 0. 15, 1, 1, 0.  0
49.923, 0. 56, 0. 26, 1, 1, 0.  0
49.983, 0.  3, 0. 33, 1, 1, 0.  0
49.963, 0. 56, 0. 37, 1, 1, 0.  0
49.983, 0. 23, 0. 41, 1, 1, 0.  0
50. 64, 0.  3, 0. 39, 1, 1, 0.  0
50. 23, 0. 64, 0. 29, 1, 1, 0.  0
50.124, 0. 64, 0. 17, 1, 1, 0.  0
50. 43, 0.144, 0.  0, 1, 1, 0.  0
50.184, 0.144, 0.  0, 1, 1, 0.  0
50.164, 0.205, 0.  0, 1, 1, 0.  0
50.225, 0.184, 0.  0, 1, 1, 0.  0
50.225, 0.265, 0.  0, 1, 1, 0.  0
50.326, 0.285, 0.  0, 1, 1, 0.  0
50.426, 0.406, 0.  0, 1, 1, 0.  0
50.970, 0.950, 0.  0, 1, 1, 0.  0
51.434, -1.2413, 0.141, 0, 1, 0.  0
51.152, -1.2192, 0.119, 0, 1, 0.  0
50.769, 0.829, 0.  0, 1, 1, 0.  0
50.749, 0.688, 0.  0, 1, 1, 0.  0
51.111, -1.2071, 0.107, 0, 1, 0.  0
51.333, -1.2413, 0.141, 0, 1, 0.  0
51.373, -1.2474, 0.147, 0, 1, 0.  0
51.313, -1.2293, 0.129, 0, 1, 0.  0
51.353, -1.2434, 0.143, 0, 1, 0.  0
51.554, -1.2595, 0.159, 0, 1, 0.  0
51.695, -1.2695, 0.169, 0, 1, 0.  0
51.756, -1.2716, 0.171, 0, 1, 0.  0
51.776, -1.2836, 0.183, 0, 1, 0.  0
52. 78, -2.4078, 0.415, 0, 1, 0.  0
52.501, -2.4501, 0.500, 0, 1, 0.  0
52.844, -2.4844, 0.568, 0, 1, 0.  0
53. 45, -2.4965, 0.593, 0, 1, 0.  0
53.206, -3.6126, 0.937, 0, 1, 0.  0
53.  5, -2.4965, 0.593, 0, 1, 0.  0
49.822, 0.238, 0.  2, 1, 1, 0.  0
50.688, 0.507, 0. 42, 1, 1, 0.  0
54. 32, -3.6791, -1.2137, 0, 1, 39.999
54.214, -4.8536, -1.2814, 0, 1, 39.999
52.743, -2.4864, 0.572, 0, 1, 0.  0
51.313, -1.2333, 0.133, 0, 1, 0.  0
52.481, -2.4521, 0.504, 0, 1, 0.  0
54.516, -4.8274, -1.2709, 0, 1, 39.999
53.307, -3.6509, -1.2052, 0, 1, 39.999
52.139, -2.4179, 0.435, 0, 1, 0.  0
52.824, -2.4743, 0.548, 0, 1, 0.  0
53.972, -4.8133, -1.2653, 0, 1, 39.999
53.287, -3.6347, -1.2004, 0, 1, 39.999
52.602, -2.4542, 0.508, 0, 1, 0.  0
53.650, -3.6750, -1.2125, 0, 1, 39.999
55.201, -5.10302, -2.4651, 0, 1, 79.999
55.181, -5.10161, -2.4580, 0, 1, 79.999
53.569, -3.6529, -1.2058, 0, 1, 39.999
52.441, -2.4602, 0.520, 0, 1, 0.  0
53.166, -3.6086, 0.925, 0, 1, 0.  0
55.523, -5.10080, -2.4540, 0, 1, 79.999
55.322, -5.10604, -2.4802, 0, 1, 79.999
53.831, -3.6710, -1.2113, 0, 1, 39.999
52.904, -3.6086, 0.925, 0, 1, 0.  0
53.509, -4.8858, -1.2943, 0, 1, 39.999
53.267, -3.6388, -1.2016, 0, 1, 39.999
53.468, -3.6489, -1.2046, 0, 1, 39.999
52. 18, -2.4179, 0.435, 0, 1, 0.  0
53. 65, -2.4824, 0.564, 0, 1, 0.  0
52.924, -3.6912, -1.2173, 0, 1, 39.999
51.413, -1.2514, 0.151, 0, 1, 0.  0
50.849, 0.749, 0.  0, 1, 1, 0.  0
52.763, -2.4622, 0.524, 0, 1, 0.  0
52.844, -3.6690, -1.2107, 0, 1, 39.999
50.  3, 0.628, 0.  0, 1, 1, 0.  0
49.560, 0.217, 0. 51, 1, 1, 0.  0
51.695, -1.2736, 0.173, 0, 1, 0.  0
54.355, -3.6730, -1.2119, 0, 1, 39.999
50.890, 0.910, 0.  0, 1, 1, 0.  0
49.499, 0.580, 0. 43, 1, 1, 0.  0
50.769, 0.587, 0. 42, 1, 1, 0.  0
53.267, -4.8536, -1.2814, 0, 1, 39.999
53.206, -3.6428, -1.2028, 0, 1, 39.999
51.192, -1.2010, 0.101, 0, 1, 0.  0
50.849, 0.869, 0.  0, 1, 1, 0.  0
52.622, -2.4562, 0.512, 0, 1, 0.  0
53.871, -3.6952, -1.2185, 0, 1, 39.999
52.239, -2.4441, 0.488, 0, 1, 0.  0
51.192, -1.2172, 0.117, 0, 1, 0.  0
51.998, -1.2978, 0.197, 0, 1, 0.  0
53.126, -3.6549, -1.2064, 0, 1, 39.999
51.998, -2.4441, 0.488, 0, 1, 0.  0
49.560, 0.439, 0. 17, 1, 1, 0.  0
49.842, 0.238, 0.113, 1, 1, 0.  0
51.897, -1.2736, 0.173, 0, 1, 0.  0
52.683, -2.4824, 0.564, 0, 1, 0.  0
51.293, -1.2192, 0.119, 0, 1, 0.  0
48.573, 0.802, 0. 50, 1, 1, 0.  0
48.472, 1.507, 0.433, 1, 1, 0.  0
48.956, 1. 84, 0.621, 1, 1, 0.  0
49.258, 0.721, 0.652, 1, 1, 0.  0
48.673, 1.305, 0.953, 1, 1, 0.  0
48.492, 1.366, 1.136, 1, 1, 39.999
49. 56, 0.661, 1.  0, 1, 1, 39.999
48.210, 1.527, 1.152, 1, 1, 39.999
46.760, 3.683, 2.104, 1, 1, 79.999
45.913, 4.126, 2.650, 1, 1, 79.999
46.760, 2.514, 1.502, 1, 1, 39.999
47.666, 2.373, 1.474, 1, 1, 39.999
47.465, 2.575, 1.515, 1, 1, 39.999
45. 27, 3.743, 2.123, 1, 1, 79.999
44.967, 5.153, 3.576, 1, 1, 119.999
46.437, 3.904, 2.171, 1, 1, 79.999
47.525, 2.252, 1.450, 1, 1, 39.999
47.142, 2.857, 1.571, 1, 1, 39.999
45.  7, 5. 53, 3.526, 1, 1, 119.999
44.302, 5.818, 3.909, 1, 1, 119.999
46.437, 3.622, 2. 86, 1, 1, 79.999
47.948, 2.252, 1.450, 1, 1, 39.999
47.142, 2.917, 1.583, 1, 1, 39.999
45.108, 4.529, 2.811, 1, 1, 79.999
45.  7, 4.730, 2.892, 1, 1, 79.999
47.203, 2.736, 1.547, 1, 1, 39.999
48.633, 1.708, 1.170, 1, 1, 39.999
47.868, 2.111, 1.422, 1, 1, 39.999
45.712, 4.529, 2.811, 1, 1, 79.999
45.390, 4.710, 2.884, 1, 1, 79.999
47.666, 2.434, 1.486, 1, 1, 39.999
49.499, 0.842, 1.  0, 1, 1, 39.999
48.673, 1.406, 1.140, 1, 1, 39.999
47. 62, 3. 18, 1.905, 1, 1, 39.999
45.591, 3.441, 2. 32, 1, 1, 79.999
47.646, 2.494, 1.498, 1, 1, 39.999
49.943, 0.641, 1.  0, 1, 1, 39.999
49.419, 0.540, 1.  0, 1, 1, 39.999
48. 29, 1.809, 1.180, 1, 1, 39.999
46.860, 3.119, 1.935, 1, 1, 39.999
46.860, 3. 78, 1.923, 1, 1, 39.999
48. 69, 1.930, 1.193, 1, 1, 39.999
48.855, 1.144, 1.114, 1, 1, 39.999
48.412, 1.305, 1.130, 1, 1, 39.999
47.505, 2.836, 1.567, 1, 1, 39.999
46.901, 3.481, 2. 44, 1, 1, 79.999
47.283, 2.836, 1.567, 1, 1, 39.999
48.190, 1.910, 1.191, 1, 1, 39.999
48.512, 1.507, 1.150, 1, 1, 39.999
47.908, 1.970, 1.197, 1, 1, 39.999
47. 82, 2.716, 1.543, 1, 1, 39.999
46.860, 3. 38, 1.911, 1, 1, 39.999
47.122, 2.897, 1.579, 1, 1, 39.999
47.505, 2.554, 1.510, 1, 1, 39.999
47.847, 2.111, 1.422, 1, 1, 39.999
47.364, 2.554, 1.510, 1, 1, 39.999
47.122, 2.736, 1.547, 1, 1, 39.999
47.344, 2.796, 1.559, 1, 1, 39.999
47.445, 3. 98, 1.929, 1, 1, 39.999
47.747, 2.353, 1.470, 1, 1, 39.999
47.747, 2.111, 1.422, 1, 1, 39.999
48.150, 1.144, 1.114, 1, 1, 39.999
48.170, 1.950, 1.195, 1, 1, 39.999
48.130, 1.668, 1.166, 1, 1, 39.999
48.170, 2.152, 1.430, 1, 1, 39.999
48.452, 1.547, 1.154, 1, 1, 39.999
49. 36, 1. 64, 1.106, 1, 1, 39.999
49.419, 0.459, 1.  0, 1, 1, 39.999
50. 64, 0.144, 0.998, 1, 1, 0.  0
50. 84, 0. 84, 0.954, 1, 1, 0.  0
48.754, 1. 64, 1.106, 1, 1, 39.999
49.882, 0.177, 1.  0, 1, 1, 39.999
50.809, 0.930, 0.915, 1, 1, 0.  0
50.487, 0.487, 0.776, 1, 1, 0.  0
49.681, 0.298, 0.779, 1, 1, 0.  0
49.842, 0.620, 0.847, 1, 1, 0.  0
50.728, 0.507, 0.797, 1, 1, 0.  0
51.454, -1.2494, 0.446, 1, 1, 0.  0
51.172, -1.2434, 0.203, 1, 1, 0.  0
50.386, 0.567, 0.222, 1, 1, 0.  0
49.882, 0. 23, 0.212, 1, 1, 0.  0
50.346, 0.245, 0.193, 1, 1, 0.  0
50.648, 0.668, 0. 99, 1, 1, 0.  0
50.346, 0.406, 0.  1, 1, 1, 0.  0
49.681, 0. 56, 0.  8, 1, 1, 0.  0
48.653, 0.721, 0.104, 1, 1, 0.  0
49.217, 0.761, 0.239, 1, 1, 0.  0
49.338, 0.600, 0.357, 1, 1, 0.  0
49.338, 0.923, 0.468, 1, 1, 0.  0
49.177, 0.842, 0.592, 1, 1, 0.  0
48.875, 1.326, 0.902, 1, 1, 0.  0
48.794, 1.285, 1.106, 1, 1, 39.999
49.117, 0.983, 1.  0, 1, 1, 39.999
49.278, 1.426, 1.142, 1, 1, 39.999
49.217, 0.701, 1.  0, 1, 1, 39.999
49.177, 0.258, 1.  0, 1, 1, 39.999
50.205, 0. 16, 0.983, 1, 1, 0.  0
49.318, 0.500, 0.994, 1, 1, 0.  0
48.452, 1.728, 1.172, 1, 1, 39.999
48.250, 0.983, 1.  0, 1, 1, 39.999
49.338, 0.379, 1.  0, 1, 1, 39.999
50.426, 0.285, 0.986, 1, 1, 0.  0
50.547, 0.628, 0.852, 1, 1, 0.  0
49.238, 1. 43, 1.  5, 1, 1, 39.999
48.170, 1.648, 1.164, 1, 1, 39.999
49.862, 0.641, 1.  0, 1, 1, 39.999
51.595, 0.829, 0.939, 1, 1, 0.  0
50.426, 0.426, 0.808, 1, 1, 0.  0
49. 56, 0.882, 0.869, 1, 1, 0.  0
49. 56, 0.802, 1.  0, 1, 1, 39.999
50.205, 0.386, 0.996, 1, 1, 0.  0
50.507, 0.688, 0.908, 1, 1, 0.  0
49.157, 0.761, 0.942, 1, 1, 0.  0
49.842, 0.500, 1.  0, 1, 1, 39.999
52.199, -2.4159, 0.332, 1, 1, 0.  0
50.587, 0.628, 0.487, 1, 1, 0.  0
48.573, 2. 10, 1. 63, 1, 1, 39.999
47.404, 1.789, 1.178, 1, 1, 39.999
50.487, 0.426, 0.992, 1, 1, 0.  0
51.635, -1.2836, 0.551, 1, 1, 0.  0
50. 43, 0.164, 0.564, 1, 1, 0.  0
48.331, 1.668, 0.914, 1, 1, 0.  0
48.935, 1.164, 1.116, 1, 1, 39.999
51.716, -1.2736, 0.711, 1, 1, 0.  0
51.816, -1.2917, 0.329, 1, 1, 0.  0
49.741, 0.197, 0.423, 1, 1, 0.  0
48.593, 1.426, 0.767, 1, 1, 0.  0
49.217, 0.882, 0.830, 1, 1, 0.  0
50.648, 0.507, 0.831, 1, 1, 0.  0
50.910, 0.869, 0.686, 1, 1, 0.  0
49.721, 0.238, 0.641, 1, 1, 0.  0
48.915, 1.164, 0.895, 1, 1, 0.  0
49.318, 0.963, 0.944, 1, 1, 0.  0
51.111, -1.2031, 0.799, 1, 1, 0.  0
50.144, 0.426, 0.749, 1, 1, 0.  0
48.412, 1.849, 1. 65, 1, 1, 39.999
48. 89, 1.829, 1.182, 1, 1, 39.999
49.399, 1.164, 1.116, 1, 1, 39.999
50.789, 0.628, 0.955, 1, 1, 0.  0
50.205, 0.305, 0.837, 1, 1, 0.  0
48.976, 1.587, 1.124, 1, 1, 39.999
49.379, 0.862, 1.  0, 1, 1, 39.999
50.467, 0.567, 0.978, 1, 1, 0.  0
50.809, 0.849, 0.808, 1, 1, 0.  0
49.197, 0.701, 0.808, 1, 1, 0.  0
48.734, 0.983, 1.  0, 1, 1, 39.999
52.582, -2.4582, 0.304, 1, 1, 0.  0
52.622, -2.4743, 0.263, 0, 1, 0.  0
49.117, 0.600, 0.145, 1, 1, 0.  0
47.565, 2.393, 0.954, 1, 1, 0.  0
49.540, 0.701, 0.810, 1, 1, 0.  0
53.609, -3.6811, 0.692, 0, 1, 0.  0
51.937, -2.4239, 0.447, 0, 1, 0.  0
46.417, 3.260, 1.258, 1, 1, 39.999
47. 21, 3.139, 1.869, 1, 1, 39.999
52.401, -2.4159, 0.488, 1, 1, 0.  0
55.826, -5.10765, -2.4803, 0, 1, 79.999
51.756, -2.4461, 0.492, 0, 1, 0.  0
44.745, 5. 93, 3. 20, 1, 1, 119.999
47.364, 3.179, 1.953, 1, 1, 39.999
53.972, -3.6750, 0.332, 0, 1, 0.  0
55.322, -5.10181, -2.4590, 0, 1, 79.999
47.706, 1.849, 0.246, 1, 1, 0.  0
44.604, 5.395, 3.575, 1, 1, 119.999
48.855, 1.446, 1.144, 1, 1, 39.999
54.919, -4.8617, -1.2267, 0, 1, 39.999
53.247, -3.6327, 0.998, 0, 1, 0.  0
47.706, 2.152, 0.541, 1, 1, 0.  0
47.102, 3. 78, 1.590, 1, 1, 39.999
52.179, -1.2998, 0.489, 1, 1, 0.  0
54. 32, -4.8153, -1.2623, 0, 1, 39.999
49.782, 0.124, 0.  0, 1, 1, 0.  0
47.263, 2.716, 0.863, 1, 1, 0.  0
47.847, 2. 71, 1.182, 1, 1, 39.999
51.716, -1.2434, 0.653, 1, 1, 0.  0
53.509, -3.6448, 0.751, 0, 1, 0.  0
50.950, -1.2313, 0.131, 0, 1, 0.  0
48.250, 1.406, 0.248, 1, 1, 0.  0
48.412, 1.628, 0.581, 1, 1, 0.  0
50.688, 0.567, 0.501, 1, 1, 0.  0
52.461, -2.4421, 0.300, 0, 1, 0.  0
51.212, -1.2333, 0.133, 0, 1, 0.  0
48.774, 1. 23, 0.166, 1, 1, 0.  0
48.109, 1.910, 0.552, 1, 1, 0.  0
49.177, 0.902, 0.601, 1, 1, 0.  0
50.970, 0.849, 0.573, 1, 1, 0.  0
51.272, -1.2293, 0.220, 1, 1, 0.  0
50. 23, 0. 84, 0.242, 1, 1, 0.  0
49.157, 0.882, 0.341, 1, 1, 0.  0
49.298, 0.721, 0.487, 1, 1, 0.  0
50.124, 0.104, 0.533, 1, 1, 0.  0
50.587, 0.608, 0.456, 1, 1, 0.  0
50.366, 0.366, 0.366, 1, 1, 0.  0
49.902, 0. 97, 0.355, 1, 1, 0.  0
49.923, 0.137, 0.382, 1, 1, 0.  0
50.265, 0.205, 0.373, 1, 1, 0.  0
50.406, 0.487, 0.312, 1, 1, 0.  0
50.346, 0.326, 0.249, 1, 1, 0.  0
50.225, 0.164, 0.213, 1, 1, 0.  0
50.406, 0.346, 0.162, 1, 1, 0.  0
50.467, 0.467, 0. 84, 1, 1, 0.  0
50.225, 0.225, 0. 26, 1, 1, 0.  0
50.  3, 0.  3, 0. 14, 1, 1, 0.  0
50. 64, 0. 23, 0. 20, 1, 1, 0.  0
50.446, 0.406, 0.  0, 1, 1, 0.  0
50.628, 0.587, 0.  0, 1, 1, 0.  0
50.305, 0.305, 0.  0, 1, 1, 0.  0
49.802, 0.177, 0.  6, 1, 1, 0.  0
49.701, 0.278, 0. 54, 1, 1, 0.  0
50. 23, 0. 23, 0. 75, 1, 1, 0.  0
50.467, 0.426, 0. 23, 1, 1, 0.  0
50.426, 0.406, 0.  0, 1, 1, 0.  0
49.963, 0.  3, 0.  0, 1, 1, 0.  0
49.761, 0.258, 0. 31, 1, 1, 0.  0
49.943, 0. 76, 0. 63, 1, 1, 0.  0
50.446, 0.487, 0. 23, 1, 1, 0.  0
50.648, 0.688, 0.  0, 1, 1, 0.  0
50.285, 0.366, 0.  0, 1, 1, 0.  0
49.983, 0. 16, 0.  0, 1, 1, 0.  0
50. 64, 0.  3, 0.  7, 1, 1, 0.  0
50.507, 0.446, 0.  0, 1, 1, 0.  0
50.869, 0.869, 0.  0, 1, 1, 0.  0
50.769, 0.749, 0.  0, 1, 1, 0.  0
50.366, 0.406, 0.  0, 1, 1, 0.  0
50.225, 0.184, 0.  0, 1, 1, 0.  0
50.426, 0.446, 0.  0, 1, 1, 0.  0
50.728, 0.708, 0.  0, 1, 1, 0.  0
50.769, 0.728, 0.  0, 1, 1, 0.  0
50.487, 0.527, 0.  0, 1, 1, 0.  0
50.225, 0.265, 0.  0, 1, 1, 0.  0
50.245, 0.305, 0.  0, 1, 1, 0.  0
50.426, 0.386, 0.  0, 1, 1, 0.  0
50.507, 0.487, 0.  0, 1, 1, 0.  0
50.305, 0.285, 0.  0, 1, 1, 0.  0
50. 84, 0. 64, 0.  0, 1, 1, 0.  0
49.923, 0. 76, 0.  3, 1, 1, 0.  0
49.963, 0. 16, 0. 16, 1, 1, 0.  0
50.  3, 0. 36, 0. 16, 1, 1, 0.  0
50. 23, 0.  3, 0. 15, 1, 1, 0.  0
49.943, 0. 56, 0. 18, 1, 1, 0.  0
49.822, 0.137, 0. 35, 1, 1, 0.  0
49.842, 0.217, 0. 67, 1, 1, 0.  0
49.782, 0.177, 0.100, 1, 1, 0.  0
49.802, 0.177, 0.131, 1, 1, 0.  0
49.902, 0. 76, 0.148, 1, 1, 0.  0
50. 23, 0. 56, 0.160, 1, 1, 0.  0
49.923, 0. 97, 0.174, 1, 1, 0.  0
49.943, 0. 56, 0.188, 1, 1, 0.  0
50. 43, 0. 43, 0.190, 1, 1, 0.  0
50.184, 0.164, 0.169, 1, 1, 0.  0
50.265, 0.265, 0.125, 1, 1, 0.  0
50.265, 0.366, 0. 71, 1, 1, 0.  0
50.245, 0.225, 0. 28, 1, 1, 0.  0
50.225, 0.245, 0.  0, 1, 1, 0.  0
50.346, 0.285, 0.  0, 1, 1, 0.  0
50.446, 0.446, 0.  0, 1, 1, 0.  0
50.547, 0.507, 0.  0, 1, 1, 0.  0
50.446, 0.467, 0.  0, 1, 1, 0.  0
50.386, 0.406, 0.  0, 1, 1, 0.  0
50.366, 0.386, 0.  0, 1, 1, 0.  0
50.467, 0.507, 0.  0, 1, 1, 0.  0
50.487, 0.487, 0.  0, 1, 1, 0.  0
50.426, 0.446, 0.  0, 1, 1, 0.  0
50.245, 0.285, 0.  0, 1, 1, 0.  0
50.225, 0.225, 0.  0, 1, 1, 0.  0
50.205, 0.225, 0.  0, 1, 1, 0.  0
50.326, 0.326, 0.  0, 1, 1, 0.  0
50.245, 0.305, 0.  0, 1, 1, 0.  0
50.205, 0.184, 0.  0, 1, 1, 0.  0
50. 64, 0.124, 0.  0, 1, 1, 0.  0
50.104, 0.124, 0.  0, 1, 1, 0.  0
50.184, 0.104, 0.  0, 1, 1, 0.  0
50.225, 0.184, 0.  0, 1, 1, 0.  0
50.205, 0.184, 0.  0, 1, 1, 0.  0
50.124, 0.164, 0.  0, 1, 1, 0.  0
50.184, 0.124, 0.  0, 1, 1, 0.  0
50.164, 0.225, 0.  0, 1, 1, 0.  0
50.265, 0.265, 0.  0, 1, 1, 0.  0
50.245, 0.245, 0.  0, 1, 1, 0.  0
50.225, 0.305, 0.  0, 1, 1, 0.  0
50.164, 0.205, 0.  0, 1, 1, 0.  0
50.245, 0.184, 0.  0, 1, 1, 0.  0
50.305, 0.285, 0.  0, 1, 1, 0.  0
50.346, 0.326, 0.  0, 1, 1, 0.  0
50.346, 0.326, 0.  0, 1, 1, 0.  0
50.386, 0.305, 0.  0, 1, 1, 0.  0
50.164, 0.245, 0.  0, 1, 1, 0.  0
50.265, 0.225, 0.  0, 1, 1, 0.  0
50.265, 0.225, 0.  0, 1, 1, 0.  0
50.245, 0.285, 0.  0, 1, 1, 0.  0
50.265, 0.164, 0.  0, 1, 1, 0.  0
50.104, 0.205, 0.  0, 1, 1, 0.  0
50.205, 0. 64, 0.  0, 1, 1, 0.  0
50.104, 0.104, 0.  0, 1, 1, 0.  0
50.144, 0.124, 0.  0, 1, 1, 0.  0
50. 64, 0. 84, 0.  0, 1, 1, 0.  0
50.124, 0. 84, 0.  0, 1, 1, 0.  0
49.983, 0. 16, 0.  0, 1, 1, 0.  0
50. 23, 0.104, 0.  0, 1, 1, 0.  0
50.  3, 0. 84, 0.  0, 1, 1, 0.  0
50.144, 0.124, 0.  0, 1, 1, 0.  0
50.144, 0.104, 0.  0, 1, 1, 0.  0
50.144, 0.104, 0.  0, 1, 1, 0.  0
50.144, 0. 84, 0.  0, 1, 1, 0.  0
50.144, 0.205, 0.  0, 1, 1, 0.  0
50.245, 0.245, 0.  0, 1, 1, 0.  0
50.245, 0.285, 0.  0, 1, 1, 0.  0
50.285, 0.265, 0.  0, 1, 1, 0.  0
50.265, 0.285, 0.  0, 1, 1, 0.  0
50.326, 0.326, 0.  0, 1, 1, 0.  0
50.366, 0.406, 0.  0, 1, 1, 0.  0
50.406, 0.426, 0.  0, 1, 1, 0.  0
50.326, 0.406, 0.  0, 1, 1, 0.  0
50.366, 0.366, 0.  0, 1, 1, 0.  0
50.326, 0.305, 0.  0, 1, 1, 0.  0
50.205, 0.205, 0.  0, 1, 1, 0.  0
49.963, 0. 16, 0.  0, 1, 1, 0.  0
49.721, 0.278, 0. 32, 1, 1, 0.  0
49.600, 0.459, 0.107, 1, 1, 0.  0
49.620, 0.338, 0.177, 1, 1, 0.  0
49.963, 0.137, 0.212, 1, 1, 0.  0
49.822, 0.137, 0.228, 1, 1, 0.  0
49.661, 0.379, 0.271, 1, 1, 0.  0
49.298, 0.620, 0.367, 1, 1, 0.  0
49.177, 0.822, 0.501, 1, 1, 0.  0
49. 56, 0.902, 0.649, 1, 1, 0.  0
48.956, 1. 64, 0.921, 1, 1, 0.  0
48.855, 1.205, 1.120, 1, 1, 39.999
49.157, 1. 64, 1.106, 1, 1, 39.999
48.895, 1.205, 1.120, 1, 1, 39.999
48.593, 1.305, 1.130, 1, 1, 39.999
48.109, 2.111, 1.422, 1, 1, 39.999
48. 49, 1.849, 1.184, 1, 1, 39.999
48.210, 2.252, 1.450, 1, 1, 39.999
48.210, 1.608, 1.160, 1, 1, 39.999
48.109, 1.930, 1.193, 1, 1, 39.999
47.928, 2. 51, 1.410, 1, 1, 39.999
47.565, 2.172, 1.434, 1, 1, 39.999
47.545, 2.373, 1.474, 1, 1, 39.999
47.263, 2.756, 1.551, 1, 1, 39.999
47.102, 2.978, 1.595, 1, 1, 39.999
47. 42, 3. 98, 1.929, 1, 1, 39.999
46.739, 3.441, 2. 32, 1, 1, 79.999
46.820, 3.260, 1.978, 1, 1, 39.999
46.377, 3.441, 2. 32, 1, 1, 79.999
46.699, 3.320, 1.996, 1, 1, 39.999
46.598, 3.602, 2. 80, 1, 1, 79.999
46.639, 3.421, 2. 26, 1, 1, 79.999
46.659, 3.219, 1.965, 1, 1, 39.999
46.236, 3.884, 2.165, 1, 1, 79.999
46.135, 3.703, 2.110, 1, 1, 79.999
46.437, 3.542, 2. 62, 1, 1, 79.999
46.739, 3.199, 1.959, 1, 1, 39.999
46.357, 3.481, 2. 44, 1, 1, 79.999
46.236, 4.247, 2.698, 1, 1, 79.999
46.619, 3.582, 2. 74, 1, 1, 79.999
46.901, 3.179, 1.953, 1, 1, 39.999
47. 42, 3. 58, 1.917, 1, 1, 39.999
45.873, 4. 86, 2.634, 1, 1, 79.999
46.195, 3.965, 2.189, 1, 1, 79.999
46.961, 3.239, 1.971, 1, 1, 39.999
47.445, 2.655, 1.531, 1, 1, 39.999
46.820, 3.239, 1.971, 1, 1, 39.999
45.410, 4.428, 2.771, 1, 1, 79.999
45.631, 4.347, 2.739, 1, 1, 79.999
46.961, 2.877, 1.575, 1, 1, 39.999
47. 82, 3.260, 1.978, 1, 1, 39.999
46. 95, 3.663, 2. 98, 1, 1, 79.999
45.369, 4.670, 2.868, 1, 1, 79.999
45.853, 4.106, 2.642, 1, 1, 79.999
46.619, 3.179, 1.953, 1, 1, 39.999
46.820, 2.917, 1.583, 1, 1, 39.999
46.256, 4.166, 2.666, 1, 1, 79.999
45.531, 4.630, 2.852, 1, 1, 79.999
46.115, 4.327, 2.731, 1, 1, 79.999
46.901, 3.239, 1.971, 1, 1, 39.999
46.659, 3.260, 1.978, 1, 1, 39.999
45.893, 3.924, 2.177, 1, 1, 79.999
46.578, 4.287, 2.715, 1, 1, 79.999
46.901, 3. 78, 1.923, 1, 1, 39.999
47.545, 2.333, 1.466, 1, 1, 39.999
47.163, 2.695, 1.539, 1, 1, 39.999
46.175, 4. 86, 2.634, 1, 1, 79.999
46.276, 3.824, 2.147, 1, 1, 79.999
47.163, 2.776, 1.555, 1, 1, 39.999
47.888, 2.111, 1.422, 1, 1, 39.999
47.807, 2.575, 1.515, 1, 1, 39.999
46.921, 3. 98, 1.929, 1, 1, 39.999
46.336, 3.924, 2.177, 1, 1, 79.999
46.800, 3.179, 1.953, 1, 1, 39.999
47.807, 2.595, 1.519, 1, 1, 39.999
47.384, 2.595, 1.519, 1, 1, 39.999
46.619, 3.703, 2.110, 1, 1, 79.999
45.813, 4.650, 2.860, 1, 1, 79.999
46.417, 3.421, 2. 26, 1, 1, 79.999
47.686, 2.675, 1.535, 1, 1, 39.999
47.646, 2.716, 1.543, 1, 1, 39.999
46.699, 3.542, 2. 62, 1, 1, 79.999
45. 67, 4.589, 2.835, 1, 1, 79.999
46.175, 4.206, 2.682, 1, 1, 79.999
47.223, 2.816, 1.563, 1, 1, 39.999
47.263, 2.595, 1.519, 1, 1, 39.999
46.216, 3.703, 2.110, 1, 1, 79.999
45.591, 4.408, 2.763, 1, 1, 79.999
46. 34, 3.804, 2.141, 1, 1, 79.999
47.545, 2.353, 1.470, 1, 1, 39.999
48.  9, 2. 91, 1.418, 1, 1, 39.999
47.344, 2.554, 1.510, 1, 1, 39.999
46.357, 3.763, 2.129, 1, 1, 79.999
46.820, 3.380, 2. 14, 1, 1, 79.999
47.807, 2. 91, 1.418, 1, 1, 39.999
48.754, 1.326, 1.132, 1, 1, 39.999
48.815, 1.467, 1.146, 1, 1, 39.999
48. 89, 1.910, 1.191, 1, 1, 39.999
47.847, 2.313, 1.462, 1, 1, 39.999
48.170, 2. 71, 1.414, 1, 1, 39.999
48.734, 1.386, 1.138, 1, 1, 39.999
48.956, 0.923, 1.  0, 1, 1, 39.999
49. 76, 0.902, 1.  0, 1, 1, 39.999
49. 97, 0.983, 1.  0, 1, 1, 39.999
49. 76, 1. 43, 1.104, 1, 1, 39.999
49. 97, 0.882, 1.  0, 1, 1, 39.999
49.419, 0.681, 1.  0, 1, 1, 39.999
49.580, 0.681, 1.  0, 1, 1, 39.999
49.258, 0.910, 0.990, 1, 1, 0.  0
52.461, -2.4340, 0.280, 1, 1, 0.  0
51.857, -1.2937, 0.133, 1, 1, 0.  0
49.217, 0.701, 0.257, 1, 1, 0.  0
48.150, 1.869, 0.709, 1, 1, 0.  0
48.754, 1.164, 0.922, 1, 1, 0.  0
50.990, -1.2010, 0.717, 1, 1, 0.  0
52.904, -2.4904, 0.135, 0, 1, 0.  0
53. 65, -2.4985, 0.597, 0, 1, 0.  0
51.978, -1.2917, 0.191, 0, 1, 0.  0
51.131, -1.2111, 0.111, 0, 1, 0.  0
51.514, -1.2474, 0.147, 0, 1, 0.  0
52.663, -2.4642, 0.528, 0, 1, 0.  0
53.267, -3.6267, 0.980, 0, 1, 0.  0
52.542, -2.4582, 0.516, 0, 1, 0.  0
50.829, 0.829, 0.  0, 1, 1, 0.  0
51.333, -1.2756, 0.175, 0, 1, 0.  0
53.106, -3.6045, 0.913, 0, 1, 0.  0
54. 93, -3.6831, -1.2149, 0, 1, 39.999
52.924, -2.4904, 0.580, 0, 1, 0.  0
52.622, -2.4622, 0.524, 0, 1, 0.  0
53.569, -3.6730, -1.2119, 0, 1, 39.999
53.368, -3.6206, 0.962, 0, 1, 0.  0
51.615, -1.2736, 0.173, 0, 1, 0.  0
51.172, -1.2091, 0.109, 0, 1, 0.  0
53.368, -3.6146, 0.943, 0, 1, 0.  0
54.999, -4.8939, -1.2975, 0, 1, 39.999
53.730, -3.6690, -1.2107, 0, 1, 39.999
52.380, -2.4380, 0.476, 0, 1, 0.  0
52.783, -2.4703, 0.540, 0, 1, 0.  0
53.992, -3.6730, -1.2119, 0, 1, 39.999
53.428, -3.6227, 0.968, 0, 1, 0.  0
52.280, -2.4642, 0.528, 0, 1, 0.  0
49.358, 0.540, 0. 40, 1, 1, 0.  0
51.454, 0.970, 0. 45, 1, 1, 0.  0
55. 80, -5.10523, -2.4761, 0, 1, 79.999
55.120, -4.8959, -1.2983, 0, 1, 39.999
52.642, -2.4804, 0.560, 0, 1, 0.  0
51.675, -1.2816, 0.181, 0, 1, 0.  0
53.589, -3.6448, -1.2034, 0, 1, 39.999
55.362, -5.10322, -2.4661, 0, 1, 79.999
54.294, -4.8516, -1.2806, 0, 1, 39.999
52.159, -2.4219, 0.443, 0, 1, 0.  0
52. 98, -2.4098, 0.419, 0, 1, 0.  0
54.516, -4.8496, -1.2798, 0, 1, 39.999
55.765, -5.10967, -2.4983, 0, 1, 79.999
54.335, -4.8415, -1.2766, 0, 1, 39.999
52.602, -2.4582, 0.516, 0, 1, 0.  0
53.811, -3.6448, -1.2034, 0, 1, 39.999
55.503, -5.10080, -2.4540, 0, 1, 79.999
55.161, -5.10141, -2.4570, 0, 1, 79.999
53.448, -3.6851, -1.2155, 0, 1, 39.999
52.884, -2.4179, 0.435, 0, 1, 0.  0
49.681, 0.177, 0.  5, 1, 1, 0.  0
52.582, -2.4340, 0.468, 0, 1, 0.  0
56.631, -6.12591, -3.6954, 0, 1, 119.999
54.979, -4.8979, -1.2991, 0, 1, 39.999
50.426, 0.749, 0.  0, 1, 1, 0.  0
49.902, 0.318, 0. 61, 1, 1, 0.  0
53.106, -2.4521, 0.504, 0, 1, 0.  0
55.684, -5.10846, -2.4923, 0, 1, 79.999
53.489, -3.6327, 0.998, 0, 1, 0.  0
49.721, 0.197, 0.  2, 1, 1, 0.  0
49.641, 0.379, 0.100, 1, 1, 0.  0
52.965, -2.4703, 0.540, 0, 1, 0.  0
54. 93, -4.8173, -1.2669, 0, 1, 39.999
50.184, 0.346, 0.  0, 1, 1, 0.  0
46.760, 3.441, 1.438, 1, 1, 39.999
50. 43, 0.520, 0.776, 1, 1, 0.  0
57. 54, -6.12309, -3.6657, 0, 1, 119.999
53.871, -4.8496, -1.2798, 0, 1, 39.999
48.150, 1.326, 0.191, 1, 1, 0.  0
47.888, 2.353, 0.940, 1, 1, 0.  0
52.421, -1.2978, 0.310, 1, 1, 0.  0
55.886, -6.12652, -3.6991, 0, 1, 119.999
52.904, -3.6327, 0.998, 0, 1, 0.  0
48.210, 1.890, 0.295, 1, 1, 0.  0
48.512, 1.728, 0.643, 1, 1, 0.  0
52.783, -2.4602, 0.144, 0, 1, 0.  0
56.309, -5.10967, -2.4983, 0, 1, 79.999
52.864, -3.6146, 0.943, 0, 1, 0.  0
48.996, 0.560, 0. 25, 1, 1, 0.  0
49.540, 0.661, 0.217, 1, 1, 0.  0
53.388, -3.6448, -1.2034, 0, 1, 39.999
55.664, -5.10423, -2.4711, 0, 1, 79.999
53. 25, -2.4743, 0.548, 0, 1, 0.  0
49.600, 0.177, 0.  7, 1, 1, 0.  0
50.849, 0.849, 0. 18, 1, 1, 0.  0
54.657, -4.8657, -1.2863, 0, 1, 39.999
53.952, -4.8032, -1.2613, 0, 1, 39.999
50.205, 0.507, 0.  0, 1, 1, 0.  0
46.921, 2.877, 0.920, 1, 1, 0.  0
50.225, 0.177, 0.624, 1, 1, 0.  0
55.523, -5.10302, -2.4588, 0, 1, 79.999
54. 53, -4.8194, -1.2677, 0, 1, 39.999
48.815, 1.446, 0.183, 1, 1, 0.  0
47.485, 2.514, 0.930, 1, 1, 0.  0
50.346, 0. 23, 0.664, 1, 1, 0.  0
54.395, -5.10423, -2.4556, 0, 1, 79.999
52.300, -2.4542, 0.508, 0, 1, 0.  0
47.827, 1.990, 0.327, 1, 1, 0.  0
47.263, 2.897, 1.220, 1, 1, 39.999
50.668, 0.487, 0.834, 1, 1, 0.  0
53.468, -3.6650, 0.699, 0, 1, 0.  0
51.836, -1.2957, 0.195, 0, 1, 0.  0
48.673, 1.285, 0.195, 1, 1, 0.  0
47.928, 2. 91, 0.822, 1, 1, 0.  0
49.499, 0.580, 0.636, 1, 1, 0.  0
51.836, -1.2816, 0.306, 1, 1, 0.  0
51.796, -1.2736, 0. 42, 0, 1, 0.  0
50.  3, 0. 43, 0.  0, 1, 1, 0.  0
49. 16, 1.124, 0.238, 1, 1, 0.  0
49.641, 0.399, 0.256, 1, 1, 0.  0
50.910, 0.910, 0.189, 1, 1, 0.  0
51. 31, -1.2051, 0.102, 0, 1, 0.  0
49.943, 0. 43, 0.  0, 1, 1, 0.  0
49. 76, 1.  3, 0.202, 1, 1, 0.  0
49.258, 0.822, 0.254, 1, 1, 0.  0
49.661, 0.439, 0.348, 1, 1, 0.  0
49.681, 0.318, 0.403, 1, 1, 0.  0
49.379, 0.620, 0.484, 1, 1, 0.  0
49. 76, 0.782, 0.617, 1, 1, 0.  0
49. 97, 0.983, 0.779, 1, 1, 0.  0
49.117, 0.862, 0.932, 1, 1, 0.  0
49.157, 0.701, 1.  0, 1, 1, 39.999
50.184, 0.285, 0.988, 1, 1, 0.  0
51.978, -1.2937, 0.572, 1, 1, 0.  0
50.  3, 0.144, 0.576, 1, 1, 0.  0
47. 62, 0.439, 0.796, 1, 1, 0.  0
49.822, 0.439, 1.  0, 1, 1, 39.999
52.844, -2.4824, 0.133, 1, 1, 0.  0
51.454, -1.2554, 0.113, 1, 1, 0.  0
48.412, 1.406, 0.462, 1, 1, 0.  0
47.888, 1.386, 0.808, 1, 1, 0.  0
51.252, 0.990, 0.803, 1, 1, 0.  0
53.851, -3.6871, 0.891, 0, 1, 0.  0
51.413, -1.2494, 0.149, 0, 1, 0.  0
48.291, 1.688, 0.297, 1, 1, 0.  0
48.271, 1.769, 0.636, 1, 1, 0.  0
50.326, 0.285, 0.585, 1, 1, 0.  0
52.219, -2.4179, 0.123, 0, 1, 0.  0
50.890, -1.2031, 0. 91, 0, 1, 0.  0
48.673, 1.245, 0.209, 1, 1, 0.  0
48.  9, 1.970, 0.590, 1, 1, 0.  0
48.573, 1.426, 0.834, 1, 1, 0.  0
49.721, 0.318, 0.821, 1, 1, 0.  0
49.822, 0. 97, 0.827, 1, 1, 0.  0
48.895, 1.366, 1. 71, 1, 1, 39.999
49.278, 1.144, 1.114, 1, 1, 39.999
49. 36, 0.902, 1.  0, 1, 1, 39.999
48.815, 1.144, 1.114, 1, 1, 39.999
48.794, 1.426, 1.142, 1, 1, 39.999
48.653, 1.507, 1.150, 1, 1, 39.999
49.157, 1. 43, 1.104, 1, 1, 39.999
48.694, 0.809, 0.991, 1, 1, 0.  0
50.547, 0.507, 0.945, 1, 1, 0.  0
49.580, 0.419, 0.923, 1, 1, 0.  0
48.774, 1.567, 1.156, 1, 1, 39.999
50.527, 0.346, 0.986, 1, 1, 0.  0
51.434, -1.2293, 0.666, 1, 1, 0.  0
50.245, 0.346, 0.661, 1, 1, 0.  0
49.338, 0.641, 0.719, 1, 1, 0.  0
49.741, 0.318, 0.819, 1, 1, 0.  0
51. 91, -1.2071, 0.638, 1, 1, 0.  0
51.776, -1.2816, 0.295, 1, 1, 0.  0
51.172, -1.2172, 0. 98, 1, 1, 0.  0
50.265, 0.426, 0.103, 1, 1, 0.  0
50.164, 0.184, 0. 77, 1, 1, 0.  0
50.809, 0.749, 0.  0, 1, 1, 0.  0
51. 71, -1.2131, 0.113, 0, 1, 0.  0
50.829, 0.869, 0.  0, 1, 1, 0.  0
50.346, 0.326, 0.  0, 1, 1, 0.  0
50.164, 0.144, 0.  0, 1, 1, 0.  0
50.326, 0.285, 0.  0, 1, 1, 0.  0
50.366, 0.366, 0.  0, 1, 1, 0.  0
50.245, 0.285, 0.  0, 1, 1, 0.  0
50.124, 0.124, 0.  0, 1, 1, 0.  0
50.104, 0.144, 0.  0, 1, 1, 0.  0
50.124, 0.104, 0.  0, 1, 1, 0.  0
50.124, 0.124, 0.  0, 1, 1, 0.  0
49.923, 0. 97, 0.  5, 1, 1, 0.  0
49.963, 0. 76, 0. 19, 1, 1, 0.  0
50. 43, 0. 64, 0. 18, 1, 1, 0.  0
50.144, 0.184, 0.  0, 1, 1, 0.  0
50.  3, 0.  3, 0.  0, 1, 1, 0.  0
49.862, 0. 97, 0. 14, 1, 1, 0.  0
49.882, 0.177, 0. 42, 1, 1, 0.  0
50.124, 0.124, 0. 40, 1, 1, 0.  0
50.285, 0.205, 0.  1, 1, 1, 0.  0
50. 64, 0. 64, 0.  0, 1, 1, 0.  0
49.782, 0.197, 0. 17, 1, 1, 0.  0
49.661, 0.318, 0. 64, 1, 1, 0.  0
49.983, 0.  3, 0. 93, 1, 1, 0.  0
50.265, 0.265, 0. 66, 1, 1, 0.  0
50.326, 0.305, 0. 13, 1, 1, 0.  0
49.963, 0. 16, 0.  0, 1, 1, 0.  0
49.782, 0.177, 0. 24, 1, 1, 0.  0
49.882, 0.177, 0. 58, 1, 1, 0.  0
50.205, 0.144, 0. 54, 1, 1, 0.  0
50.265, 0.245, 0. 15, 1, 1, 0.  0
50.124, 0.124, 0.  0, 1, 1, 0.  0
49.882, 0. 97, 0.  5, 1, 1, 0.  0
49.882, 0. 76, 0. 24, 1, 1, 0.  0
50.104, 0. 84, 0. 23, 1, 1, 0.  0
50.265, 0.285, 0.  0, 1, 1, 0.  0
50.225, 0.205, 0.  0, 1, 1, 0.  0
50.164, 0.144, 0.  0, 1, 1, 0.  0
50.124, 0. 84, 0.  0, 1, 1, 0.  0
50.245, 0.265, 0.  0, 1, 1, 0.  0
50.527, 0.507, 0.  0, 1, 1, 0.  0
50.587, 0.628, 0.  0, 1, 1, 0.  0
50.547, 0.487, 0.  0, 1, 1, 0.  0
50.467, 0.446, 0.  0, 1, 1, 0.  0
50.507, 0.467, 0.  0, 1, 1, 0.  0
50.547, 0.547, 0.  0, 1, 1, 0.  0
50.688, 0.668, 0.  0, 1, 1, 0.  0
50.688, 0.668, 0.  0, 1, 1, 0.  0
50.587, 0.608, 0.  0, 1, 1, 0.  0
50.547, 0.487, 0.  0, 1, 1, 0.  0
50.507, 0.547, 0.  0, 1, 1, 0.  0
50.487, 0.507, 0.  0, 1, 1, 0.  0
50.487, 0.467, 0.  0, 1, 1, 0.  0
50.426, 0.426, 0.  0, 1, 1, 0.  0
50.326, 0.305, 0.  0, 1, 1, 0.  0
50.225, 0.245, 0.  0, 1, 1, 0.  0
50. 64, 0. 84, 0.  0, 1, 1, 0.  0
50. 43, 0. 64, 0.  0, 1, 1, 0.  0
50.  3, 0. 43, 0.  0, 1, 1, 0.  0
49.983, 0. 16, 0.  1, 1, 1, 0.  0
49.782, 0.177, 0. 21, 1, 1, 0.  0
49.721, 0.278, 0. 63, 1, 1, 0.  0
49.681, 0.358, 0.120, 1, 1, 0.  0
49.661, 0.338, 0.181, 1, 1, 0.  0
49.701, 0.278, 0.232, 1, 1, 0.  0
49.721, 0.278, 0.281, 1, 1, 0.  0
49.641, 0.338, 0.334, 1, 1, 0.  0
49.701, 0.338, 0.391, 1, 1, 0.  0
49.782, 0.238, 0.435, 1, 1, 0.  0
49.923, 0. 56, 0.460, 1, 1, 0.  0
49.983, 0. 56, 0.468, 1, 1, 0.  0
49.963, 0.  3, 0.474, 1, 1, 0.  0
49.943, 0.  3, 0.482, 1, 1, 0.  0
49.983, 0. 64, 0.484, 1, 1, 0.  0
50.205, 0.225, 0.464, 1, 1, 0.  0
50.305, 0.305, 0.417, 1, 1, 0.  0
50.406, 0.426, 0.352, 1, 1, 0.  0
50.386, 0.406, 0.283, 1, 1, 0.  0
50.487, 0.446, 0.209, 1, 1, 0.  0
50.567, 0.567, 0.121, 1, 1, 0.  0
50.608, 0.668, 0. 21, 1, 1, 0.  0
50.648, 0.648, 0.  0, 1, 1, 0.  0
50.547, 0.567, 0.  0, 1, 1, 0.  0
50.567, 0.527, 0.  0, 1, 1, 0.  0
50.507, 0.527, 0.  0, 1, 1, 0.  0
50.567, 0.487, 0.  0, 1, 1, 0.  0
50.527, 0.547, 0.  0, 1, 1, 0.  0
50.467, 0.487, 0.  0, 1, 1, 0.  0
50.305, 0.326, 0.  0, 1, 1, 0.  0
50.366, 0.346, 0.  0, 1, 1, 0.  0
50.326, 0.326, 0.  0, 1, 1, 0.  0
50.265, 0.285, 0.  0, 1, 1, 0.  0
50.184, 0.265, 0.  0, 1, 1, 0.  0
50.184, 0.205, 0.  0, 1, 1, 0.  0
50.104, 0.144, 0.  0, 1, 1, 0.  0
50.124, 0.104, 0.  0, 1, 1, 0.  0
50.104, 0. 64, 0.  0, 1, 1, 0.  0
50. 64, 0. 84, 0.  0, 1, 1, 0.  0
50.104, 0. 43, 0.  0, 1, 1, 0.  0
50. 23, 0. 23, 0.  0, 1, 1, 0.  0
50. 43, 0.  3, 0.  0, 1, 1, 0.  0
50. 43, 0. 23, 0.  0, 1, 1, 0.  0
50. 43, 0. 43, 0.  0, 1, 1, 0.  0
50. 84, 0. 43, 0.  0, 1, 1, 0.  0
50.104, 0. 43, 0.  0, 1, 1, 0.  0
50.104, 0. 84, 0.  0, 1, 1, 0.  0
50. 64, 0. 84, 0.  0, 1, 1, 0.  0
50. 64, 0. 84, 0.  0, 1, 1, 0.  0
50.104, 0. 84, 0.  0, 1, 1, 0.  0
50.104, 0.104, 0.  0, 1, 1, 0.  0
50.104, 0. 84, 0.  0, 1, 1, 0.  0
50. 43, 0. 43, 0.  0, 1, 1, 0.  0
50.  3, 0. 64, 0.  0, 1, 1, 0.  0
50. 64, 0. 43, 0.  0, 1, 1, 0.  0
50. 64, 0. 64, 0.  0, 1, 1, 0.  0
50. 43, 0.  3, 0.  0, 1, 1, 0.  0
50. 23, 0. 64, 0.  0, 1, 1, 0.  0
50. 64, 0. 64, 0.  0, 1, 1, 0.  0
50. 64, 0. 64, 0.  0, 1, 1, 0.  0
50.104, 0. 64, 0.  0, 1, 1, 0.  0
50.144, 0.184, 0.  0, 1, 1, 0.  0
50.205, 0.184, 0.  0, 1, 1, 0.  0
50.164, 0.164, 0.  0, 1, 1, 0.  0
50.164, 0.205, 0.  0, 1, 1, 0.  0
50.225, 0.245, 0.  0, 1, 1, 0.  0
50.285, 0.305, 0.  0, 1, 1, 0.  0
50.326, 0.285, 0.  0, 1, 1, 0.  0
50.406, 0.426, 0.  0, 1, 1, 0.  0
50.406, 0.386, 0.  0, 1, 1, 0.  0
50.467, 0.487, 0.  0, 1, 1, 0.  0
50.547, 0.446, 0.  0, 1, 1, 0.  0
50.567, 0.547, 0.  0, 1, 1, 0.  0
50.527, 0.487, 0.  0, 1, 1, 0.  0
50.547, 0.587, 0.  0, 1, 1, 0.  0
50.547, 0.547, 0.  0, 1, 1, 0.  0
50.467, 0.467, 0.  0, 1, 1, 0.  0
50.487, 0.487, 0.  0, 1, 1, 0.  0
50.426, 0.446, 0.  0, 1, 1, 0.  0
50.386, 0.386, 0.  0, 1, 1, 0.  0
50.346, 0.346, 0.  0, 1, 1, 0.  0
50.265, 0.245, 0.  0, 1, 1, 0.  0
50.184, 0.225, 0.  0, 1, 1, 0.  0
50.164, 0.164, 0.  0, 1, 1, 0.  0
50.104, 0. 43, 0.  0, 1, 1, 0.  0
50. 43, 0. 43, 0.  0, 1, 1, 0.  0
49.963, 0. 76, 0.  2, 1, 1, 0.  0
49.862, 0. 97, 0. 13, 1, 1, 0.  0
49.902, 0.117, 0. 29, 1, 1, 0.  0
49.882, 0.117, 0. 51, 1, 1, 0.  0
49.842, 0.157, 0. 79, 1, 1, 0.  0
49.963, 0. 76, 0.105, 1, 1, 0.  0
50.426, 0.406, 0. 72, 1, 1, 0.  0
50.547, 0.567, 0.  0, 1, 1, 0.  0
50.265, 0.245, 0.  0, 1, 1, 0.  0
49.983, 0. 43, 0.  0, 1, 1, 0.  0
50.366, 0.386, 0.  0, 1, 1, 0.  0
50.970, 0.950, 0.  0, 1, 1, 0.  0
51.232, -1.2252, 0.125, 0, 1, 0.  0
51.212, -1.2152, 0.115, 0, 1, 0.  0
51. 71, -1.2051, 0.105, 0, 1, 0.  0
51.373, -1.2373, 0.137, 0, 1, 0.  0
51.716, -1.2756, 0.175, 0, 1, 0.  0
52. 38, -2.4119, 0.423, 0, 1, 0.  0
52.320, -2.4380, 0.476, 0, 1, 0.  0
52.501, -2.4521, 0.504, 0, 1, 0.  0
52.904, -2.4824, 0.564, 0, 1, 0.  0
53.126, -3.6106, 0.931, 0, 1, 0.  0
53.529, -3.6267, 0.980, 0, 1, 0.  0
53. 25, -3.6025, 0.907, 0, 1, 0.  0
53.206, -3.6206, 0.962, 0, 1, 0.  0
52.622, -2.4622, 0.524, 0, 1, 0.  0
48.794, 1.406, 0.211, 1, 1, 0.  0
50.104, 0.225, 0.225, 1, 1, 0.  0
54.939, -4.8617, -1.2846, 0, 1, 39.999
54.798, -4.8697, -1.2879, 0, 1, 39.999
51.675, -1.2836, 0.183, 0, 1, 0.  0
50.184, 0.124, 0.  0, 1, 1, 0.  0
51.695, -1.2675, 0.167, 0, 1, 0.  0
54. 53, -4.8274, -1.2709, 0, 1, 39.999
52.360, -2.4521, 0.504, 0, 1, 0.  0
49.177, 0.681, 0. 33, 1, 1, 0.  0
49.741, 0.258, 0.172, 1, 1, 0.  0
53. 45, -3.6106, 0.931, 0, 1, 0.  0
54. 53, -4.8133, -1.2653, 0, 1, 39.999
51. 91, -1.2272, 0.127, 0, 1, 0.  0
50.205, 0.104, 0.  0, 1, 1, 0.  0
52.340, -2.4098, 0.419, 0, 1, 0.  0
54.415, -4.8355, -1.2742, 0, 1, 39.999
51.836, -3.6368, -1.2010, 0, 1, 39.999
49.661, 0.217, 0.  2, 1, 1, 0.  0
50.527, 0.104, 0. 76, 1, 1, 0.  0
54.335, -3.6952, -1.2185, 0, 1, 39.999
54.717, -5.10342, -2.4671, 0, 1, 79.999
52.219, -2.4582, 0.516, 0, 1, 0.  0
51. 31, -1.2010, 0.101, 0, 1, 0.  0
52.783, -2.4945, 0.589, 0, 1, 0.  0
55.523, -4.8657, -1.2863, 0, 1, 39.999
54.597, -4.8597, -1.2838, 0, 1, 39.999
51.857, -1.2998, 0.199, 0, 1, 0.  0
51.595, -1.2595, 0.159, 0, 1, 0.  0
54. 32, -3.6408, -1.2022, 0, 1, 39.999
55.523, -5.10201, -2.4600, 0, 1, 79.999
53.650, -3.6630, -1.2089, 0, 1, 39.999
51.695, -1.2836, 0.183, 0, 1, 0.  0
52.703, -2.4521, 0.504, 0, 1, 0.  0
54.597, -4.8738, -1.2895, 0, 1, 39.999
53.851, -4.8194, -1.2677, 0, 1, 39.999
52.783, -2.4864, 0.572, 0, 1, 0.  0
53.  5, -2.4965, 0.593, 0, 1, 0.  0
53.771, -3.6851, -1.2155, 0, 1, 39.999
53.730, -3.6509, -1.2052, 0, 1, 39.999
52.360, -2.4562, 0.512, 0, 1, 0.  0
51.575, -1.2534, 0.153, 0, 1, 0.  0
53.247, -3.6227, 0.968, 0, 1, 0.  0
54.657, -4.8536, -1.2814, 0, 1, 39.999
52.884, -3.6388, -1.2016, 0, 1, 39.999
51.796, -1.2836, 0.183, 0, 1, 0.  0
52.239, -2.4239, 0.447, 0, 1, 0.  0
54.113, -3.6952, -1.2185, 0, 1, 39.999
53.489, -3.6368, -1.2010, 0, 1, 39.999
52.642, -2.4360, 0.472, 0, 1, 0.  0
52.441, -2.4441, 0.488, 0, 1, 0.  0
53.388, -4.8113, -1.2645, 0, 1, 39.999
52.481, -2.4562, 0.512, 0, 1, 0.  0
51.917, -1.2957, 0.195, 0, 1, 0.  0
53.146, -3.6065, 0.919, 0, 1, 0.  0
52.280, -2.4804, 0.560, 0, 1, 0.  0
47.706, 2.152, 0.577, 1, 1, 0.  0
48.935, 1.386, 0.615, 1, 1, 0.  0
53.750, -3.6710, 0.875, 0, 1, 0.  0
55.523, -5.10664, -2.4832, 0, 1, 79.999
51.252, -1.2776, 0.177, 0, 1, 0.  0
48.432, 1.587, 0.280, 1, 1, 0.  0
49.600, 0.761, 0.354, 1, 1, 0.  0
53.106, -2.4924, 0.458, 0, 1, 0.  0
53.146, -3.6408, -1.2022, 0, 1, 39.999
48.432, 1.487, 0.224, 1, 1, 0.  0
47.304, 2.655, 1. 21, 1, 1, 39.999
51.293, 0.970, 0.671, 1, 1, 0.  0
56. 87, -5.10906, -2.4953, 0, 1, 79.999
52.239, -2.4018, 0.403, 0, 1, 0.  0
48.230, 1.587, 0.260, 1, 1, 0.  0
49.137, 0.902, 0.370, 1, 1, 0.  0
53.589, -3.6307, 0.865, 0, 1, 0.  0
55.584, -5.10523, -2.4761, 0, 1, 79.999
51.897, -2.4098, 0.419, 0, 1, 0.  0
49.217, 0.761, 0. 39, 1, 1, 0.  0
51.212, 0.970, 0. 50, 1, 1, 0.  0
54.939, -4.8838, -1.2935, 0, 1, 39.999
52.582, -2.4824, 0.564, 0, 1, 0.  0
48. 89, 1.628, 0.245, 1, 1, 0.  0
46.981, 3. 58, 1.505, 1, 1, 39.999
48.512, 1.507, 1.113, 1, 1, 39.999
48.593, 0.983, 1.  0, 1, 1, 39.999
48.633, 1.184, 1.118, 1, 1, 39.999
49.822, 0.500, 1.  0, 1, 1, 39.999
50.809, 0.728, 0.913, 1, 1, 0.  0
50.688, 0.708, 0.782, 1, 1, 0.  0
50.507, 0.467, 0.687, 1, 1, 0.  0
50.386, 0.406, 0.613, 1, 1, 0.  0
50.265, 0.225, 0.558, 1, 1, 0.  0
49.943, 0.  3, 0.544, 1, 1, 0.  0
49.721, 0.238, 0.570, 1, 1, 0.  0
49.641, 0.338, 0.620, 1, 1, 0.  0
49.560, 0.459, 0.688, 1, 1, 0.  0
49.419, 0.540, 0.779, 1, 1, 0.  0
49.399, 0.600, 0.876, 1, 1, 0.  0
49.117, 0.963, 0.991, 1, 1, 0.  0
50.487, 0.547, 0.992, 1, 1, 0.  0
52.199, -2.4219, 0.254, 1, 1, 0.  0
51.192, -1.2333, 0.250, 1, 1, 0.  0
49.499, 0.620, 0.372, 1, 1, 0.  0
48.774, 1.225, 0.687, 1, 1, 0.  0
49.439, 0.681, 0.722, 1, 1, 0.  0
50.225, 0.144, 0.738, 1, 1, 0.  0
49.499, 0.379, 0.745, 1, 1, 0.  0
48.109, 1.950, 1.114, 1, 1, 39.999
49.580, 0.379, 1.  0, 1, 1, 39.999
50. 23, 0.184, 0.984, 1, 1, 0.  0
48.351, 1.608, 1.160, 1, 1, 39.999
47.142, 2.917, 1.583, 1, 1, 39.999
46.619, 3.481, 2. 44, 1, 1, 79.999
46.941, 3.320, 1.996, 1, 1, 39.999
47.465, 2.716, 1.543, 1, 1, 39.999
46.498, 3.139, 1.941, 1, 1, 39.999
45.833, 4.146, 2.658, 1, 1, 79.999
45.410, 4.368, 2.747, 1, 1, 79.999
46.578, 3.380, 2. 14, 1, 1, 79.999
47. 62, 2.796, 1.559, 1, 1, 39.999
46.175, 3.844, 2.153, 1, 1, 79.999
45. 87, 5.375, 3.687, 1, 1, 119.999
46.135, 4.569, 2.827, 1, 1, 79.999
47. 62, 2.796, 1.559, 1, 1, 39.999
47.163, 2.897, 1.579, 1, 1, 39.999
45.450, 4.408, 2.763, 1, 1, 79.999
44.624, 5.294, 3.647, 1, 1, 119.999
46.135, 3.783, 2.135, 1, 1, 79.999
48.109, 1.849, 1.184, 1, 1, 39.999
47.928, 2. 51, 1.410, 1, 1, 39.999
46. 95, 3.924, 2.177, 1, 1, 79.999
44.664, 5.335, 3.667, 1, 1, 119.999
46.921, 3.441, 2. 32, 1, 1, 79.999
49.238, 0.862, 1.  0, 1, 1, 39.999
49.923, 0.358, 1.  0, 1, 1, 39.999
49.620, 0.298, 1.  0, 1, 1, 39.999
48.895, 1. 64, 1.106, 1, 1, 39.999
47.586, 2. 51, 1.410, 1, 1, 39.999
47.324, 2.313, 1.462, 1, 1, 39.999
48.130, 2.131, 1.426, 1, 1, 39.999
49.358, 1.  3, 1.100, 1, 1, 39.999
49.560, 0. 36, 1.  0, 1, 1, 39.999
48.633, 1.305, 1.130, 1, 1, 39.999
48. 69, 2. 91, 1.418, 1, 1, 39.999
47.586, 2.353, 1.470, 1, 1, 39.999
48.190, 1.849, 1.184, 1, 1, 39.999
48.633, 1.346, 1.134, 1, 1, 39.999
48.613, 1.547, 1.154, 1, 1, 39.999
47.948, 2.454, 1.490, 1, 1, 39.999
47.183, 3.481, 2. 44, 1, 1, 79.999
46.860, 3.542, 2. 62, 1, 1, 79.999
47.384, 2.534, 1.506, 1, 1, 39.999
47.686, 2.272, 1.454, 1, 1, 39.999
46.921, 3.239, 1.971, 1, 1, 39.999
45.652, 4.287, 2.715, 1, 1, 79.999
45.954, 4.186, 2.674, 1, 1, 79.999
46.961, 2.776, 1.555, 1, 1, 39.999
47.747, 2. 71, 1.414, 1, 1, 39.999
47.223, 2.635, 1.527, 1, 1, 39.999
46.236, 3.703, 2.110, 1, 1, 79.999
46.760, 3. 58, 1.917, 1, 1, 39.999
48.311, 1.688, 1.168, 1, 1, 39.999
49.379, 0.822, 1.  0, 1, 1, 39.999
48.492, 1.265, 1.126, 1, 1, 39.999
47.727, 2. 91, 1.418, 1, 1, 39.999
47.928, 2.172, 1.434, 1, 1, 39.999
48.935, 1.527, 1.152, 1, 1, 39.999
49.943, 0.177, 1.  0, 1, 1, 39.999
49.983, 0. 56, 0.980, 1, 1, 0.  0
49.137, 0.963, 1.  0, 1, 1, 39.999
49.338, 0.661, 1.  0, 1, 1, 39.999
50.930, 0.708, 0.963, 1, 1, 0.  0
51.675, -1.2434, 0.575, 1, 1, 0.  0
49.560, 0.258, 0.628, 1, 1, 0.  0
48.512, 1.467, 0.971, 1, 1, 0.  0
49.661, 0.318, 1.  0, 1, 1, 39.999
52.199, -2.4119, 0.354, 1, 1, 0.  0
51.152, -1.2353, 0.309, 1, 1, 0.  0
48.855, 0.782, 0.448, 1, 1, 0.  0
48.613, 1.346, 0.807, 1, 1, 0.  0
49.802, 0.318, 0.812, 1, 1, 0.  0
51.514, 0.507, 0.701, 1, 1, 0.  0
51.373, -1.2494, 0.273, 1, 1, 0.  0
49.419, 0.258, 0.343, 1, 1, 0.  0
48.754, 1.305, 0.650, 1, 1, 0.  0
49.278, 0.862, 0.716, 1, 1, 0.  0
50.446, 0.641, 0.744, 1, 1, 0.  0
50.950, -1.2010, 0.500, 1, 1, 0.  0
49.983, 0.124, 0.505, 1, 1, 0.  0
49.197, 0.902, 0.597, 1, 1, 0.  0
49.117, 0.882, 0.763, 1, 1, 0.  0
49.882, 0.358, 0.850, 1, 1, 0.  0
50.305, 0.285, 0.822, 1, 1, 0.  0
50. 43, 0. 84, 0.780, 1, 1, 0.  0
49.479, 0.459, 0.823, 1, 1, 0.  0
49.338, 0.661, 0.931, 1, 1, 0.  0
49.520, 0.399, 1.  0, 1, 1, 39.999
51.474, -1.2293, 0.746, 1, 1, 0.  0
50.527, 0.567, 0.655, 1, 1, 0.  0
48.492, 1.426, 0.918, 1, 1, 0.  0
48.190, 1.849, 1.184, 1, 1, 39.999
49.782, 0.520, 1.  0, 1, 1, 39.999
50.910, 0.890, 0.917, 1, 1, 0.  0
50.104, 0.265, 0.805, 1, 1, 0.  0
49. 16, 1. 23, 0.998, 1, 1, 0.  0
49.278, 0.862, 1.  0, 1, 1, 39.999
50.930, 0.728, 0.960, 1, 1, 0.  0
51.675, -1.2917, 0.475, 1, 1, 0.  0
49.580, 0.358, 0.574, 1, 1, 0.  0
48.331, 1.910, 1.  7, 1, 1, 39.999
49. 76, 1.205, 1.120, 1, 1, 39.999
51.192, 0.890, 0.955, 1, 1, 0.  0
51.514, -1.2615, 0.520, 1, 1, 0.  0
50.124, 0. 23, 0.567, 1, 1, 0.  0
49.137, 0.882, 0.678, 1, 1, 0.  0
49.882, 0.137, 0.769, 1, 1, 0.  0
51.434, -1.2333, 0.510, 1, 1, 0.  0
51.655, -2.4401, 0.138, 0, 1, 0.  0
50.487, 0.527, 0.157, 1, 1, 0.  0
49.620, 0.399, 0.176, 1, 1, 0.  0
50.  3, 0. 76, 0.226, 1, 1, 0.  0
51. 31, -1.2010, 0. 27, 1, 1, 0.  0
51.454, -1.2454, 0.145, 0, 1, 0.  0
50.769, 0.869, 0.  0, 1, 1, 0.  0
50. 43, 0. 43, 0.  0, 1, 1, 0.  0
50.184, 0.124, 0.  0, 1, 1, 0.  0
50.608, 0.608, 0.  0, 1, 1, 0.  0
50.789, 0.789, 0.  0, 1, 1, 0.  0
50.205, 0.205, 0.  0, 1, 1, 0.  0
49.782, 0.177, 0. 14, 1, 1, 0.  0
49.741, 0.217, 0. 58, 1, 1, 0.  0
50. 23, 0. 84, 0. 68, 1, 1, 0.  0
50. 43, 0. 16, 0. 54, 1, 1, 0.  0
49.661, 0.338, 0. 82, 1, 1, 0.  0
49.318, 0.661, 0.176, 1, 1, 0.  0
49.358, 0.681, 0.293, 1, 1, 0.  0
49.560, 0.479, 0.387, 1, 1, 0.  0
49.479, 0.479, 0.464, 1, 1, 0.  0
49.197, 0.782, 0.574, 1, 1, 0.  0
48.996, 0.963, 0.733, 1, 1, 0.  0
49. 16, 0.963, 0.905, 1, 1, 0.  0
49.399, 0.479, 1.  0, 1, 1, 39.999
51. 71, 0.950, 0.937, 1, 1, 0.  0
49.963, 0.144, 0.822, 1, 1, 0.  0
48.472, 1.406, 1.118, 1, 1, 39.999
48.754, 1.426, 1.142, 1, 1, 39.999
50.184, 0.406, 0.995, 1, 1, 0.  0
52.159, -1.2393, 0.671, 1, 1, 0.  0
50.305, 0.326, 0.651, 1, 1, 0.  0
49. 97, 0.842, 0.739, 1, 1, 0.  0
49.399, 0.963, 0.898, 1, 1, 0.  0
50.749, 0.769, 0.877, 1, 1, 0.  0
51.756, -1.2796, 0.445, 1, 1, 0.  0
51.172, -1.2091, 0.260, 1, 1, 0.  0
49.902, 0. 76, 0.324, 1, 1, 0.  0
49.842, 0.258, 0.373, 1, 1, 0.  0
50.648, 0.708, 0.332, 1, 1, 0.  0
51.313, -1.2313, 0. 18, 1, 1, 0.  0
50.910, 0.930, 0.  0, 1, 1, 0.  0
50.346, 0.285, 0.  0, 1, 1, 0.  0
50. 23, 0. 43, 0.  0, 1, 1, 0.  0
50.426, 0.265, 0.  0, 1, 1, 0.  0
50.688, 0.688, 0.  0, 1, 1, 0.  0
50.487, 0.507, 0.  0, 1, 1, 0.  0
50.124, 0.104, 0.  0, 1, 1, 0.  0
50.124, 0. 84, 0.  0, 1, 1, 0.  0
50.265, 0.446, 0.  0, 1, 1, 0.  0
50.346, 0.406, 0.  0, 1, 1, 0.  0
50. 43, 0. 23, 0.  0, 1, 1, 0.  0
49.882, 0. 97, 0.  8, 1, 1, 0.  0
50. 84, 0. 43, 0. 13, 1, 1, 0.  0
50.265, 0.326, 0.  0, 1, 1, 0.  0
50.205, 0.184, 0.  0, 1, 1, 0.  0
49.822, 1.184, 0.137, 1, 1, 0.  0
49.741, 0.217, 0. 57, 1, 1, 0.  0
49.963, 0. 23, 0. 80, 1, 1, 0.  0
50.326, 0.326, 0. 45, 1, 1, 0.  0
50.245, 0.265, 0.  0, 1, 1, 0.  0
49.902, 0. 36, 0.  1, 1, 1, 0.  0
49.701, 0.278, 0. 40, 1, 1, 0.  0
49.902, 0.137, 0. 78, 1, 1, 0.  0
50.225, 0.205, 0. 57, 1, 1, 0.  0
50.265, 0.285, 0. 10, 1, 1, 0.  0
49.802, 0. 76, 0.  0, 1, 1, 0.  0
49.641, 0.258, 0. 42, 1, 1, 0.  0
49.761, 0.238, 0. 95, 1, 1, 0.  0
50.104, 0.970, 0. 86, 1, 1, 0.  0
50.225, 0.205, 0. 53, 1, 1, 0.  0
50. 84, 0. 56, 0. 36, 1, 1, 0.  0
49.560, 0.338, 0. 75, 1, 1, 0.  0
49.540, 0.439, 0.147, 1, 1, 0.  0
49.802, 0.157, 0.206, 1, 1, 0.  0
49.923, 0. 56, 0.222, 1, 1, 0.  0
49.902, 0. 76, 0.233, 1, 1, 0.  0
49.741, 0.278, 0.264, 1, 1, 0.  0
49.641, 0.298, 0.317, 1, 1, 0.  0
49.862, 0.  3, 0.348, 1, 1, 0.  0
50.104, 0.104, 0.343, 1, 1, 0.  0
50.144, 0.124, 0.318, 1, 1, 0.  0
50. 64, 0. 64, 0.302, 1, 1, 0.  0
50. 84, 0. 23, 0.294, 1, 1, 0.  0
50.104, 0.164, 0.286, 1, 1, 0.  0
50.245, 0.225, 0.254, 1, 1, 0.  0
50.305, 0.386, 0.198, 1, 1, 0.  0
50.386, 0.326, 0.139, 1, 1, 0.  0
50.366, 0.386, 0. 75, 1, 1, 0.  0
50.487, 0.487, 0.  9, 1, 1, 0.  0
50.487, 0.507, 0.  0, 1, 1, 0.  0
50.507, 0.547, 0.  0, 1, 1, 0.  0
50.487, 0.567, 0.  0, 1, 1, 0.  0
50.527, 0.547, 0.  0, 1, 1, 0.  0
50.487, 0.507, 0.  0, 1, 1, 0.  0
50.487, 0.467, 0.  0, 1, 1, 0.  0
50.406, 0.346, 0.  0, 1, 1, 0.  0
50.346, 0.326, 0.  0, 1, 1, 0.  0
50.326, 0.285, 0.  0, 1, 1, 0.  0
50.305, 0.305, 0.  0, 1, 1, 0.  0
50.205, 0.205, 0.  0, 1, 1, 0.  0
50.245, 0. 64, 0.  0, 1, 1, 0.  0
49.983, 0. 36, 0.  1, 1, 1, 0.  0
49.943, 0. 56, 0.  8, 1, 1, 0.  0
49.983, 0.  3, 0. 21, 1, 1, 0.  0
49.963, 0. 36, 0. 31, 1, 1, 0.  0
49.862, 0.157, 0. 49, 1, 1, 0.  0
49.741, 0.217, 0. 83, 1, 1, 0.  0
49.761, 0.278, 0.126, 1, 1, 0.  0
49.782, 0.399, 0.166, 1, 1, 0.  0
49.842, 0.197, 0.186, 1, 1, 0.  0
49.721, 0.217, 0.215, 1, 1, 0.  0
49.721, 0.217, 0.249, 1, 1, 0.  0
49.822, 0.197, 0.285, 1, 1, 0.  0
49.902, 0. 16, 0.307, 1, 1, 0.  0
50. 64, 0.  3, 0.308, 1, 1, 0.  0
50.  3, 0. 64, 0.297, 1, 1, 0.  0
49.983, 0. 23, 0.294, 1, 1, 0.  0
50.104, 0. 64, 0.283, 1, 1, 0.  0
50.225, 0.326, 0.261, 1, 1, 0.  0
50.225, 0.225, 0.240, 1, 1, 0.  0
50.285, 0.245, 0.199, 1, 1, 0.  0
50.225, 0.285, 0.152, 1, 1, 0.  0
50.265, 0.245, 0.112, 1, 1, 0.  0
50.446, 0.245, 0. 68, 1, 1, 0.  0
50.326, 0.285, 0. 21, 1, 1, 0.  0
50.265, 0.245, 0.  0, 1, 1, 0.  0
50.245, 0.265, 0.  0, 1, 1, 0.  0
50.205, 0.164, 0.  0, 1, 1, 0.  0
50.144, 0.164, 0.  0, 1, 1, 0.  0
50.164, 0. 64, 0.  0, 1, 1, 0.  0
50. 84, 0. 84, 0.  0, 1, 1, 0.  0
50. 84, 0. 64, 0.  0, 1, 1, 0.  0
49.963, 0. 23, 0.  0, 1, 1, 0.  0
49.782, 0.  3, 0.  0, 1, 1, 0.  0
50.  3, 0. 23, 0.  1, 1, 1, 0.  0
50. 23, 0. 16, 0.  1, 1, 1, 0.  0
49.983, 0. 16, 0.  1, 1, 1, 0.  0
49.983, 0. 16, 0.  0, 1, 1, 0.  0
50.  3, 0.  3, 0.  2, 1, 1, 0.  0
50. 64, 0. 23, 0.  0, 1, 1, 0.  0
50. 43, 0. 43, 0.  0, 1, 1, 0.  0
50. 84, 0. 23, 0.  0, 1, 1, 0.  0
50. 84, 0. 23, 0.  0, 1, 1, 0.  0
50.144, 0.117, 0.  1, 1, 1, 0.  0
50.184, 0.144, 0.  0, 1, 1, 0.  0
50.205, 0.205, 0.  0, 1, 1, 0.  0
50.265, 0.205, 0.  0, 1, 1, 0.  0
50.225, 0.245, 0.  0, 1, 1, 0.  0
50.265, 0.789, 0.  0, 1, 1, 0.  0
50.326, 0.305, 0.  0, 1, 1, 0.  0
50.205, 0.245, 0.  0, 1, 1, 0.  0
50.225, 0.225, 0.  0, 1, 1, 0.  0
50.225, 0.184, 0.  0, 1, 1, 0.  0
50.205, 0.822, 0.  8, 1, 1, 0.  0
50.164, 0.184, 0.  0, 1, 1, 0.  0
50.124, 0.164, 0.  0, 1, 1, 0.  0
50.124, 0.164, 0.  0, 1, 1, 0.  0
50. 64, 0. 64, 0.  0, 1, 1, 0.  0
50. 43, 0.  3, 0.  0, 1, 1, 0.  0
50. 43, 0. 64, 0.  0, 1, 1, 0.  0
49.983, 0.197, 0.  3, 1, 1, 0.  0
49.983, 0. 97, 0.  7, 1, 1, 0.  0
49.923, 0. 16, 0. 16, 1, 1, 0.  0
49.902, 0. 97, 0. 29, 1, 1, 0.  0
49.923, 0. 97, 0. 43, 1, 1, 0.  0
49.983, 1.  3, 0.166, 1, 1, 0.  0
49.902, 0. 56, 0. 72, 1, 1, 0.  0
49.983, 0. 36, 0. 75, 1, 1, 0.  0
49.983, 0. 23, 0. 67, 1, 1, 0.  0
50.104, 0.104, 0. 59, 1, 1, 0.  0
50. 43, 0.144, 0. 56, 1, 1, 0.  0
50.124, 0.144, 0. 37, 1, 1, 0.  0
50.  3, 0. 23, 0. 30, 1, 1, 0.  0
49.721, 0.258, 0. 63, 1, 1, 0.  0
49.379, 0.641, 0.143, 1, 1, 0.  0
49.358, 0.701, 0.267, 1, 1, 0.  0
49.479, 0.580, 0.379, 1, 1, 0.  0
49.902, 0.197, 0.441, 1, 1, 0.  0
49.902, 0. 56, 0.461, 1, 1, 0.  0
49.661, 0.318, 0.496, 1, 1, 0.  0
49.318, 0.681, 0.587, 1, 1, 0.  0
49. 97, 0.822, 0.722, 1, 1, 0.  0
49. 36, 0.782, 0.872, 1, 1, 0.  0
48.694, 1. 64, 1.106, 1, 1, 39.999
48.996, 1. 64, 1.106, 1, 1, 39.999
48.895, 1.144, 1.114, 1, 1, 39.999
48.432, 1.587, 1.158, 1, 1, 39.999
48.150, 1.990, 1.199, 1, 1, 39.999
47.989, 1.930, 1.193, 1, 1, 39.999
48.130, 1.829, 1.182, 1, 1, 39.999
48.452, 1.809, 1.180, 1, 1, 39.999
48.109, 1.446, 1.144, 1, 1, 39.999
47.847, 1.990, 1.199, 1, 1, 39.999
47.565, 2.454, 1.490, 1, 1, 39.999
47.243, 2.675, 1.535, 1, 1, 39.999
46.739, 2.554, 1.510, 1, 1, 39.999
47.364, 2.554, 1.510, 1, 1, 39.999
47. 42, 2.877, 1.575, 1, 1, 39.999
46.961, 3. 18, 1.905, 1, 1, 39.999
46.921, 3.219, 1.965, 1, 1, 39.999
47. 21, 3.179, 1.953, 1, 1, 39.999
46.659, 3.139, 1.941, 1, 1, 39.999
46.296, 2.756, 1.551, 1, 1, 39.999
46.639, 4.146, 2.658, 1, 1, 79.999
46.941, 3.219, 1.965, 1, 1, 39.999
46.598, 3.159, 1.947, 1, 1, 39.999
46.155, 3.924, 2.177, 1, 1, 79.999
46.316, 3.663, 2. 98, 1, 1, 79.999
47.263, 3. 58, 1.917, 1, 1, 39.999
46.860, 2.917, 1.583, 1, 1, 39.999
46. 34, 3.884, 2.165, 1, 1, 79.999
45.853, 3.985, 2.195, 1, 1, 79.999
46.538, 3.320, 1.996, 1, 1, 39.999
47.102, 2.675, 1.535, 1, 1, 39.999
46.639, 2.978, 1.595, 1, 1, 39.999
45.772, 3.864, 2.159, 1, 1, 79.999
45.873, 3.864, 2.159, 1, 1, 79.999
47. 21, 3.642, 2. 92, 1, 1, 79.999
47.142, 2.595, 1.519, 1, 1, 39.999
46.397, 3.622, 2. 86, 1, 1, 79.999
45.954, 4.287, 2.715, 1, 1, 79.999
45.591, 4.368, 2.747, 1, 1, 79.999
47.142, 3.159, 1.947, 1, 1, 39.999
47.  1, 2.937, 1.587, 1, 1, 39.999
46. 34, 4.106, 2.642, 1, 1, 79.999
45.430, 4.710, 2.884, 1, 1, 79.999
46. 75, 3.945, 2.183, 1, 1, 79.999
46.840, 3.119, 1.935, 1, 1, 39.999
47. 42, 2.897, 1.579, 1, 1, 39.999
45.893, 3.965, 2.189, 1, 1, 79.999
45.228, 4.287, 2.715, 1, 1, 79.999
46. 95, 3.360, 2.  8, 1, 1, 79.999
46.941, 2.474, 1.494, 1, 1, 39.999
46.880, 2.937, 1.587, 1, 1, 39.999
45.772, 4.609, 2.843, 1, 1, 79.999
45.833, 3.280, 1.984, 1, 1, 39.999
46.921, 3.320, 1.996, 1, 1, 39.999
47.465, 2.595, 1.519, 1, 1, 39.999
47.163, 3.340, 2.  2, 1, 1, 79.999
45.994, 4.206, 2.682, 1, 1, 79.999
46.236, 4.569, 2.827, 1, 1, 79.999
47.384, 2.877, 1.575, 1, 1, 39.999
47.928, 2.454, 1.490, 1, 1, 39.999
46.901, 2.917, 1.583, 1, 1, 39.999
45.913, 3.965, 2.189, 1, 1, 79.999
46.216, 4.146, 2.658, 1, 1, 79.999
47.142, 2.675, 1.535, 1, 1, 39.999
47.727, 2.172, 1.434, 1, 1, 39.999
47.102, 2.575, 1.515, 1, 1, 39.999
46.216, 3.783, 2.135, 1, 1, 79.999
46. 34, 3.924, 2.177, 1, 1, 79.999
47.364, 2.756, 1.551, 1, 1, 39.999
48.  9, 1.950, 1.195, 1, 1, 39.999
47.505, 2.313, 1.462, 1, 1, 39.999
46.377, 3.723, 2.117, 1, 1, 79.999
46.276, 3.743, 2.123, 1, 1, 79.999
47.384, 2.716, 1.543, 1, 1, 39.999
48.109, 1.910, 1.191, 1, 1, 39.999
48. 49, 1.970, 1.197, 1, 1, 39.999
47.505, 2.655, 1.531, 1, 1, 39.999
46.941, 2.978, 1.595, 1, 1, 39.999
46.941, 3. 58, 1.917, 1, 1, 39.999
47.183, 2.816, 1.563, 1, 1, 39.999
47.606, 2.514, 1.502, 1, 1, 39.999
47.606, 2.454, 1.490, 1, 1, 39.999
47.666, 2.615, 1.523, 1, 1, 39.999
47.263, 2.796, 1.559, 1, 1, 39.999
47.203, 3. 18, 1.905, 1, 1, 39.999
47. 42, 3.139, 1.941, 1, 1, 39.999
46.961, 2.756, 1.551, 1, 1, 39.999
47.304, 2.716, 1.543, 1, 1, 39.999
47.525, 2.534, 1.506, 1, 1, 39.999
47.223, 2.857, 1.571, 1, 1, 39.999
46.921, 3.139, 1.941, 1, 1, 39.999
46.518, 3.320, 1.996, 1, 1, 39.999
47.324, 3.582, 2. 74, 1, 1, 79.999
47.485, 2.293, 1.458, 1, 1, 39.999
47.706, 2.111, 1.422, 1, 1, 39.999
47.424, 2.373, 1.474, 1, 1, 39.999
46.760, 2.736, 1.547, 1, 1, 39.999
46.518, 3.542, 2. 62, 1, 1, 79.999
47.545, 2.434, 1.486, 1, 1, 39.999
48.371, 2.716, 1.543, 1, 1, 39.999
48.371, 1.648, 1.164, 1, 1, 39.999
47.948, 1.990, 1.199, 1, 1, 39.999
47.666, 2.313, 1.462, 1, 1, 39.999
48. 69, 2.111, 1.422, 1, 1, 39.999
48.432, 1.406, 1.140, 1, 1, 39.999
49.802, 0.399, 1.  0, 1, 1, 39.999
50.346, 0.366, 0.971, 1, 1, 0.  0
49.943, 0. 36, 0.930, 1, 1, 0.  0
49.419, 0.479, 0.998, 1, 1, 0.  0
50.587, 0.184, 0.988, 1, 1, 0.  0
51.816, -1.2756, 0.576, 1, 1, 0.  0
51.957, -1.2857, 0.244, 1, 1, 0.  0
51.635, -1.2434, 0.  7, 1, 1, 0.  0
51.675, -1.2534, 0.153, 0, 1, 0.  0
52.542, -2.4280, 0.456, 0, 1, 0.  0
53.247, -2.4884, 0.576, 0, 1, 0.  0
52.300, -2.4401, 0.480, 0, 1, 0.  0
51.937, -1.2897, 0.189, 0, 1, 0.  0
54.173, -3.6630, -1.2089, 0, 1, 39.999
54.214, -4.8254, -1.2701, 0, 1, 39.999
54. 53, -4.8234, -1.2693, 0, 1, 39.999
54.395, -4.8254, -1.2701, 0, 1, 39.999
55.141, -5.10181, -2.4590, 0, 1, 79.999
54.274, -5.10967, -2.4983, 0, 1, 79.999
54.556, -4.8838, -1.2935, 0, 1, 39.999
54.375, -4.8173, -1.2669, 0, 1, 39.999
54.999, -4.8838, -1.2935, 0, 1, 39.999
55.664, -5.10886, -2.4943, 0, 1, 79.999
55.120, -5.10221, -2.4610, 0, 1, 79.999
53.932, -3.6972, -1.2191, 0, 1, 39.999
53.912, -4.8093, -1.2637, 0, 1, 39.999
55.261, -5.10060, -2.4530, 0, 1, 79.999
55.926, -5.10624, -2.4812, 0, 1, 79.999
53.871, -4.8214, -1.2685, 0, 1, 39.999
52.864, -2.4763, 0.552, 0, 1, 0.  0
54.214, -3.6952, -1.2185, 0, 1, 39.999
51.655, -1.2695, 0.169, 0, 1, 0.  0
51. 51, 0.749, 0.  0, 1, 1, 0.  0
53.650, -2.4945, 0.589, 0, 1, 0.  0
54. 73, -3.6952, -1.2185, 0, 1, 39.999
51.313, -1.2675, 0.167, 0, 1, 0.  0
49.842, 0.399, 0. 19, 1, 1, 0.  0
51.152, -1.2091, 0.109, 0, 1, 0.  0
53.811, -3.6871, -1.2161, 0, 1, 39.999
53.509, -2.4622, 0.524, 0, 1, 0.  0
49.258, 0.459, 0.  7, 1, 1, 0.  0
48.895, 1.124, 0.305, 1, 1, 0.  0
51.434, -1.2373, 0. 20, 1, 1, 0.  0
53.771, -4.8294, -1.2717, 0, 1, 39.999
51.252, -1.2695, 0.169, 0, 1, 0.  0
49.499, 0.641, 0. 38, 1, 1, 0.  0
50.910, 0.608, 0. 76, 1, 1, 0.  0
53.630, -4.8375, -1.2750, 0, 1, 39.999
54.294, -4.8274, -1.2709, 0, 1, 39.999
52. 58, -2.4159, 0.431, 0, 1, 0.  0
51.413, -1.2393, 0.139, 0, 1, 0.  0
53.206, -3.6065, 0.919, 0, 1, 0.  0
54.758, -5.10040, -2.4520, 0, 1, 79.999
54. 32, -3.6851, -1.2155, 0, 1, 39.999
52.461, -2.4501, 0.500, 0, 1, 0.  0
53.609, -3.6327, 0.998, 0, 1, 0.  0
54.536, -4.8838, -1.2935, 0, 1, 39.999
53.972, -4.8133, -1.2653, 0, 1, 39.999
53.489, -3.6549, -1.2064, 0, 1, 39.999
53.388, -2.4924, 0.584, 0, 1, 0.  0
49.459, 0.963, 0. 19, 1, 1, 0.  0
50.970, 0.749, 0. 60, 1, 1, 0.  0
55. 20, -4.8637, -1.2854, 0, 1, 39.999
53.791, -3.6891, -1.2167, 0, 1, 39.999
50.346, 0.890, 0.  0, 1, 1, 0.  0
49.560, 0.600, 0. 72, 1, 1, 0.  0
51. 91, -1.2091, 0. 72, 0, 1, 0.  0
52.844, -4.8214, -1.2685, 0, 1, 39.999
49.923, 0.164, 0.  0, 1, 1, 0.  0
47.727, 2.212, 0.700, 1, 1, 0.  0
48.230, 1.668, 0.807, 1, 1, 0.  0
51.675, -1.2534, 0.486, 1, 1, 0.  0
53.388, -3.6489, 0.929, 0, 1, 0.  0
51.313, -1.2635, 0.163, 0, 1, 0.  0
48.935, 0.943, 0. 67, 1, 1, 0.  0
49.197, 1. 64, 0.383, 1, 1, 0.  0
51.313, -1.2131, 0.133, 1, 1, 0.  0
52.904, -2.4904, 0.580, 0, 1, 0.  0
51.998, -2.4018, 0.403, 0, 1, 0.  0
50.346, 0.446, 0.  0, 1, 1, 0.  0
50.446, 0.406, 0.  0, 1, 1, 0.  0
52.280, -2.4159, 0.431, 0, 1, 0.  0
53.  5, -4.8234, -1.2693, 0, 1, 39.999
50.487, 0.587, 0.  0, 1, 1, 0.  0
48.794, 1.245, 0.287, 1, 1, 0.  0
51.413, -1.2111, 0. 73, 1, 1, 0.  0
54.355, -4.8375, -1.2750, 0, 1, 39.999
53.206, -3.6509, -1.2052, 0, 1, 39.999
49.943, 0. 84, 0.  0, 1, 1, 0.  0
49.217, 0.862, 0.141, 1, 1, 0.  0
51.172, 0.910, 0.131, 1, 1, 0.  0
53.126, -3.6267, 0.980, 0, 1, 0.  0
52. 58, -2.4038, 0.407, 0, 1, 0.  0
49.741, 0.258, 0.  4, 1, 1, 0.  0
48.935, 1.104, 0.273, 1, 1, 0.  0
50.  3, 0. 56, 0.271, 1, 1, 0.  0
51.675, -1.2695, 0. 70, 0, 1, 0.  0
51.836, -1.2897, 0.189, 0, 1, 0.  0
50.487, 0.567, 0.  0, 1, 1, 0.  0
49.641, 0.358, 0. 27, 1, 1, 0.  0
50.144, 0.144, 0. 57, 1, 1, 0.  0
51.111, -1.2111, 0.111, 0, 1, 0.  0
51.353, -1.2333, 0.133, 0, 1, 0.  0
50.668, 0.728, 0.  0, 1, 1, 0.  0
50.124, 0.205, 0.  0, 1, 1, 0.  0
50.386, 0.305, 0.  0, 1, 1, 0.  0
50.728, 0.789, 0.  0, 1, 1, 0.  0
50.769, 0.769, 0.  0, 1, 1, 0.  0
50.225, 0.205, 0.  0, 1, 1, 0.  0
49.963, 0. 76, 0.  2, 1, 1, 0.  0
50. 43, 0. 23, 0.  6, 1, 1, 0.  0
50.144, 0.164, 0.  0, 1, 1, 0.  0
49.923, 0. 36, 0.  0, 1, 1, 0.  0
49.580, 0.399, 0. 44, 1, 1, 0.  0
49.298, 0.741, 0.150, 1, 1, 0.  0
49.298, 0.681, 0.279, 1, 1, 0.  0
49.439, 0.620, 0.386, 1, 1, 0.  0
49.338, 0.681, 0.488, 1, 1, 0.  0
49. 56, 0.943, 0.633, 1, 1, 0.  0
48.855, 1.104, 0.931, 1, 1, 0.  0
49.862, 0.580, 0.995, 1, 1, 0.  0
54.576, -4.8173, -1.2120, 0, 1, 39.999
50.446, 0.688, 0.113, 1, 1, 0.  0
45.772, 3.380, 1.489, 1, 1, 39.999
46.336, 3.743, 2.123, 1, 1, 79.999
50.648, 0.164, 0.996, 1, 1, 0.  0
54.254, -4.8032, -1.2143, 0, 1, 39.999
50.507, 0.708, 0. 48, 1, 1, 0.  0
47.324, 2.554, 0.829, 1, 1, 0.  0
48.673, 1.467, 0.888, 1, 1, 0.  0
54.415, -4.8234, -1.2288, 0, 1, 39.999
53.630, -4.8274, -1.2709, 0, 1, 39.999
48.956, 0.520, 0. 16, 1, 1, 0.  0
47.606, 2.293, 0.803, 1, 1, 0.  0
49.600, 0.661, 0.610, 1, 1, 0.  0
53.368, -3.6166, 0.623, 0, 1, 0.  0
53.327, -3.6327, 0.998, 0, 1, 0.  0
49.258, 0.500, 0. 12, 1, 1, 0.  0
48.371, 1.708, 0.428, 1, 1, 0.  0
50.608, 0.426, 0.369, 1, 1, 0.  0
53.287, -3.6186, 0.956, 0, 1, 0.  0
51.897, -2.4038, 0.407, 0, 1, 0.  0
47.122, 2.736, 0.752, 1, 1, 0.  0
47.445, 2.756, 1.309, 1, 1, 39.999
51. 31, -1.2172, 0.754, 1, 1, 0.  0
53.489, -3.6851, 0.782, 0, 1, 0.  0
50.869, -1.2111, 0.111, 0, 1, 0.  0
48.170, 1.789, 0.328, 1, 1, 0.  0
47.888, 2.192, 0.968, 1, 1, 0.  0
49.802, 0.399, 0.741, 1, 1, 0.  0
51.857, -1.2836, 0.373, 1, 1, 0.  0
51.313, -1.2313, 0.113, 1, 1, 0.  0
49.137, 0.802, 0.238, 1, 1, 0.  0
48.391, 1.628, 0.641, 1, 1, 0.  0
49.298, 0.721, 0.689, 1, 1, 0.  0
51. 71, -1.2051, 0.538, 1, 1, 0.  0
51.615, -1.2675, 0.212, 1, 1, 0.  0
50.406, 0.547, 0.203, 1, 1, 0.  0
49.439, 0.439, 0.239, 1, 1, 0.  0
49.620, 0.318, 0.337, 1, 1, 0.  0
50.668, 0.648, 0.306, 1, 1, 0.  0
51. 91, -1.2010, 0. 43, 1, 1, 0.  0
50.789, 0.869, 0.  0, 1, 1, 0.  0
50.406, 0.386, 0.  0, 1, 1, 0.  0
50.467, 0.527, 0.  0, 1, 1, 0.  0
50.769, 0.769, 0.  0, 1, 1, 0.  0
50.849, 0.  3, 0.  0, 1, 1, 0.  0
50.446, 0.467, 0.  0, 1, 1, 0.  0
50.285, 0.326, 0.  0, 1, 1, 0.  0
50.668, 0.648, 0.  0, 1, 1, 0.  0
50.829, 0.910, 0.  0, 1, 1, 0.  0
50.567, 0.587, 0.  0, 1, 1, 0.  0
50.124, 0.124, 0.  0, 1, 1, 0.  0
50. 64, 0. 64, 0.  4, 1, 1, 0.  0
50.386, 0.446, 0.  0, 1, 1, 0.  0
50.769, 0.809, 0.  0, 1, 1, 0.  0
50.527, 0.487, 0.  0, 1, 1, 0.  0
49.923, 0. 56, 0.  1, 1, 1, 0.  0
49.902, 0.298, 0. 40, 1, 1, 0.  0
49.902, 0.217, 0. 79, 1, 1, 0.  0
50.366, 0.346, 0. 53, 1, 1, 0.  0
50.527, 0.527, 0.  0, 1, 1, 0.  0
50.104, 0.104, 0.  0, 1, 1, 0.  0
49.641, 0.278, 0. 32, 1, 1, 0.  0
49.761, 0.318, 0. 88, 1, 1, 0.  0
50. 84, 0.124, 0. 98, 1, 1, 0.  0
50.467, 0.406, 0. 46, 1, 1, 0.  0
50.245, 0.285, 0.  0, 1, 1, 0.  0
49.923, 0.117, 0.  2, 1, 1, 0.  0
49.721, 0.298, 0. 43, 1, 1, 0.  0
50. 43, 0. 43, 0. 66, 1, 1, 0.  0
50.406, 0.467, 0. 31, 1, 1, 0.  0
50.467, 0.507, 0.  0, 1, 1, 0.  0
50. 84, 0.144, 0.  0, 1, 1, 0.  0
49.983, 0. 16, 0.  1, 1, 1, 0.  0
50.  3, 0. 36, 0. 13, 1, 1, 0.  0
50.205, 0.184, 0.  0, 1, 1, 0.  0
50.305, 0.305, 0.  0, 1, 1, 0.  0
50.245, 0.326, 0.  0, 1, 1, 0.  0
50.104, 0.124, 0.  0, 1, 1, 0.  0
50. 23, 0.104, 0.  0, 1, 1, 0.  0
50.205, 0.164, 0.  0, 1, 1, 0.  0
50.326, 0.326, 0.  0, 1, 1, 0.  0
50.386, 0.386, 0.  0, 1, 1, 0.  0
50.305, 0.104, 0.  0, 1, 1, 0.  0
50.285, 0.245, 0.  0, 1, 1, 0.  0
50.245, 0.205, 0.  0, 1, 1, 0.  0
50.346, 0.346, 0.  0, 1, 1, 0.  0
50.406, 0.386, 0.  0, 1, 1, 0.  0
50.467, 0.426, 0.  0, 1, 1, 0.  0
50.467, 0.467, 0.  0, 1, 1, 0.  0
50.547, 0.446, 0.  0, 1, 1, 0.  0
50.487, 0.446, 0.  0, 1, 1, 0.  0
50.507, 0.446, 0.  0, 1, 1, 0.  0
50.628, 0.608, 0.  0, 1, 1, 0.  0
50.648, 0.668, 0.  0, 1, 1, 0.  0
50.648, 0.608, 0.  0, 1, 1, 0.  0
50.567, 0.608, 0.  0, 1, 1, 0.  0
50.547, 0.527, 0.  0, 1, 1, 0.  0
50.587, 0.587, 0.  0, 1, 1, 0.  0
50.648, 0.628, 0.  0, 1, 1, 0.  0
50.608, 0.587, 0.  0, 1, 1, 0.  0
50.426, 0.426, 0.  0, 1, 1, 0.  0
50.265, 0.285, 0.  0, 1, 1, 0.  0
50.305, 0.245, 0.  0, 1, 1, 0.  0
50.285, 0.164, 0.  0, 1, 1, 0.  0
50.245, 0.245, 0.  0, 1, 1, 0.  0
50.205, 0.164, 0.  0, 1, 1, 0.  0
49.983, 0.  3, 0.  0, 1, 1, 0.  0
49.862, 0.117, 0. 16, 1, 1, 0.  0
49.802, 0.177, 0. 37, 1, 1, 0.  0
49.862, 0.137, 0. 68, 1, 1, 0.  0
49.842, 0.177, 0. 95, 1, 1, 0.  0
49.721, 0.298, 0.135, 1, 1, 0.  0
49.641, 0.439, 0.193, 1, 1, 0.  0
49.641, 0.399, 0.260, 1, 1, 0.  0
49.681, 0.258, 0.316, 1, 1, 0.  0
49.661, 0.197, 0.357, 1, 1, 0.  0
49.822, 0.177, 0.391, 1, 1, 0.  0
49.862, 0.157, 0.420, 1, 1, 0.  0
49.842, 0.177, 0.450, 1, 1, 0.  0
49.983, 0. 56, 0.464, 1, 1, 0.  0
50.184, 0. 84, 0.452, 1, 1, 0.  0
50.285, 0.346, 0.410, 1, 1, 0.  0
50.527, 0.305, 0.356, 1, 1, 0.  0
50.386, 0.386, 0.292, 1, 1, 0.  0
50.446, 0.446, 0.227, 1, 1, 0.  0
50.527, 0.608, 0.141, 1, 1, 0.  0
50.688, 0.708, 0. 32, 1, 1, 0.  0
50.728, 0.849, 0.  0, 1, 1, 0.  0
50.688, 0.688, 0.  0, 1, 1, 0.  0
50.728, 0.769, 0.  0, 1, 1, 0.  0
50.809, 0.769, 0.  0, 1, 1, 0.  0
50.849, 0.789, 0.  0, 1, 1, 0.  0
50.869, 0.890, 0.  0, 1, 1, 0.  0
50.749, 0.769, 0.  0, 1, 1, 0.  0
50.829, 0.749, 0.  0, 1, 1, 0.  0
50.587, 0.527, 0.  0, 1, 1, 0.  0
50.587, 0.567, 0.  0, 1, 1, 0.  0
50.567, 0.527, 0.  0, 1, 1, 0.  0
50.446, 0.467, 0.  0, 1, 1, 0.  0
50.346, 0.346, 0.  0, 1, 1, 0.  0
50.245, 0.245, 0.  0, 1, 1, 0.  0
50.205, 0.164, 0.  0, 1, 1, 0.  0
50.144, 0.104, 0.  0, 1, 1, 0.  0
50.124, 0.104, 0.  0, 1, 1, 0.  0
50. 23, 0. 84, 0.  0, 1, 1, 0.  0
50.  3, 0.  3, 0.  0, 1, 1, 0.  0
49.923, 0.  3, 0.  6, 1, 1, 0.  0
49.943, 0. 64, 0. 14, 1, 1, 0.  0
49.943, 0. 23, 0. 20, 1, 1, 0.  0
49.943, 0. 36, 0. 22, 1, 1, 0.  0
49.943, 0. 16, 0. 25, 1, 1, 0.  0
49.983, 0. 16, 0. 30, 1, 1, 0.  0
49.963, 0. 36, 0. 37, 1, 1, 0.  0
50.  3, 0. 23, 0. 39, 1, 1, 0.  0
50. 43, 0. 23, 0. 37, 1, 1, 0.  0
50. 84, 0.104, 0. 26, 1, 1, 0.  0
50.124, 0. 64, 0. 13, 1, 1, 0.  0
50.104, 0. 84, 0.  0, 1, 1, 0.  0
50.164, 0.164, 0.  0, 1, 1, 0.  0
50.184, 0.184, 0.  0, 1, 1, 0.  0
50.205, 0.184, 0.  0, 1, 1, 0.  0
50.184, 0.225, 0.  0, 1, 1, 0.  0
50.245, 0.225, 0.  0, 1, 1, 0.  0
50.305, 0.225, 0.  0, 1, 1, 0.  0
50.285, 0.245, 0.  0, 1, 1, 0.  0
50.285, 0.346, 0.  0, 1, 1, 0.  0
50.265, 0.285, 0.  0, 1, 1, 0.  0
50.285, 0.245, 0.  0, 1, 1, 0.  0
50.305, 0.285, 0.  0, 1, 1, 0.  0
50.366, 0.265, 0.  0, 1, 1, 0.  0
50.326, 0.305, 0.  0, 1, 1, 0.  0
50.326, 0.305, 0.  0, 1, 1, 0.  0
50.305, 0.305, 0.  0, 1, 1, 0.  0
50.366, 0.346, 0.  0, 1, 1, 0.  0
50.426, 0.406, 0.  0, 1, 1, 0.  0
50.426, 0.386, 0.  0, 1, 1, 0.  0
50.426, 0.426, 0.  0, 1, 1, 0.  0
50.426, 0.446, 0.  0, 1, 1, 0.  0
50.467, 0.446, 0.  0, 1, 1, 0.  0
50.487, 0.910, 0.  0, 1, 1, 0.  0
50.426, 0.467, 0.  0, 1, 1, 0.  0
50.487, 0.507, 0.  0, 1, 1, 0.  0
50.446, 0.507, 0.  0, 1, 1, 0.  0
50.527, 0.527, 0.  0, 1, 1, 0.  0
50.527, 0.507, 0.  0, 1, 1, 0.  0
50.527, 0.527, 0.  0, 1, 1, 0.  0
50.446, 0.446, 0.  0, 1, 1, 0.  0
50.406, 0.426, 0.  0, 1, 1, 0.  0
50.406, 0.386, 0.  0, 1, 1, 0.  0
50.326, 0.305, 0.  0, 1, 1, 0.  0
50.305, 0.245, 0.  0, 1, 1, 0.  0
50. 43, 0.144, 0.  0, 1, 1, 0.  0
50.144, 0.124, 0.  0, 1, 1, 0.  0
50. 23, 0.124, 0.  0, 1, 1, 0.  0
50.124, 0. 84, 0.  0, 1, 1, 0.  0
50. 43, 0. 43, 0.  0, 1, 1, 0.  0
49.963, 0.144, 0.  4, 1, 1, 0.  0
49.923, 0. 76, 0.  9, 1, 1, 0.  0
49.983, 0. 56, 0. 17, 1, 1, 0.  0
49.902, 0. 76, 0. 34, 1, 1, 0.  0
49.943, 0. 56, 0. 48, 1, 1, 0.  0
49.882, 0. 16, 0. 60, 1, 1, 0.  0
49.923, 0. 36, 0. 70, 1, 1, 0.  0
49.983, 0. 76, 0. 81, 1, 1, 0.  0
50. 64, 0. 36, 0. 92, 1, 1, 0.  0
50.  3, 0. 23, 0. 90, 1, 1, 0.  0
50.104, 0. 84, 0. 79, 1, 1, 0.  0
50.124, 0. 84, 0. 65, 1, 1, 0.  0
50.124, 0.144, 0. 42, 1, 1, 0.  0
50.225, 0.205, 0.  9, 1, 1, 0.  0
50.366, 0.305, 0.  0, 1, 1, 0.  0
50.426, 0.366, 0.  0, 1, 1, 0.  0
50.406, 0.446, 0.  0, 1, 1, 0.  0
50.426, 0.144, 0.  0, 1, 1, 0.  0
50.426, 0.446, 0.  0, 1, 1, 0.  0
50.467, 0.507, 0.  0, 1, 1, 0.  0
50.386, 0.527, 0.  0, 1, 1, 0.  0
50.688, 0.547, 0.  0, 1, 1, 0.  0
50.547, 0.507, 0.  0, 1, 1, 0.  0
50.487, 0.487, 0.  0, 1, 1, 0.  0
50.487, 0.487, 0.  0, 1, 1, 0.  0
50.467, 0.507, 0.  0, 1, 1, 0.  0
50.467, 0.446, 0.  0, 1, 1, 0.  0
50.406, 0.467, 0.  0, 1, 1, 0.  0
50.386, 0.386, 0.  0, 1, 1, 0.  0
50.326, 0.245, 0.  0, 1, 1, 0.  0
50.346, 0.285, 0.  0, 1, 1, 0.  0
50.245, 0.305, 0.  0, 1, 1, 0.  0
50.225, 0.285, 0.  0, 1, 1, 0.  0
50.184, 0.245, 0.  0, 1, 1, 0.  0
50.245, 0.749, 0.  0, 1, 1, 0.  0
50.164, 0.184, 0.  0, 1, 1, 0.  0
50.124, 0.144, 0.  0, 1, 1, 0.  0
50.124, 0.104, 0.  0, 1, 1, 0.  0
50.164, 0.164, 0.  0, 1, 1, 0.  0
50.144, 0.124, 0.  0, 1, 1, 0.  0
50.124, 0.164, 0.  0, 1, 1, 0.  0
50.144, 0.164, 0.  0, 1, 1, 0.  0
50.104, 0.164, 0.  0, 1, 1, 0.  0
50.144, 0.164, 0.  0, 1, 1, 0.  0
50.104, 0.184, 0.  0, 1, 1, 0.  0
50.144, 0.164, 0.  0, 1, 1, 0.  0
50.144, 0.225, 0.  0, 1, 1, 0.  0
50.164, 0.225, 0.  0, 1, 1, 0.  0
50.184, 0.184, 0.  0, 1, 1, 0.  0
50.225, 0.184, 0.  0, 1, 1, 0.  0
50.184, 0.144, 0.  0, 1, 1, 0.  0
50.205, 0.205, 0.  0, 1, 1, 0.  0
50.164, 0.164, 0.  0, 1, 1, 0.  0
50.265, 0.225, 0.  0, 1, 1, 0.  0
50.245, 0.245, 0.  0, 1, 1, 0.  0
50.245, 0.265, 0.  0, 1, 1, 0.  0
50.124, 0.245, 0.  0, 1, 1, 0.  0
50.144, 0.265, 0.  0, 1, 1, 0.  0
50.305, 0.285, 0.  0, 1, 1, 0.  0
50.184, 0.265, 0.  0, 1, 1, 0.  0
50.305, 0.285, 0.  0, 1, 1, 0.  0
50.285, 0.366, 0.  0, 1, 1, 0.  0
50.265, 0.265, 0.  0, 1, 1, 0.  0
50.326, 0.326, 0.  0, 1, 1, 0.  0
50.366, 0.386, 0.  0, 1, 1, 0.  0
50.326, 0.285, 0.  0, 1, 1, 0.  0
50.366, 0.305, 0.  0, 1, 1, 0.  0
50.346, 0.346, 0.  0, 1, 1, 0.  0
50.406, 0.346, 0.  0, 1, 1, 0.  0
50.406, 0.346, 0.  0, 1, 1, 0.  0
50.547, 0.366, 0.  0, 1, 1, 0.  0
50.346, 0.406, 0.  0, 1, 1, 0.  0
50.406, 0.487, 0.  0, 1, 1, 0.  0
50.386, 0.467, 0.  0, 1, 1, 0.  0
50.366, 0.366, 0.  0, 1, 1, 0.  0
50.366, 0.346, 0.  0, 1, 1, 0.  0
50.326, 0.346, 0.  0, 1, 1, 0.  0
50.245, 0.366, 0.  0, 1, 1, 0.  0
50.245, 0.265, 0.  0, 1, 1, 0.  0
50.225, 0.205, 0.  0, 1, 1, 0.  0
50.184, 0.245, 0.  0, 1, 1, 0.  0
50.164, 0.164, 0.  0, 1, 1, 0.  0
50.104, 0.164, 0.  0, 1, 1, 0.  0
50.124, 0.184, 0.  0, 1, 1, 0.  0
50. 84, 0. 23, 0.  2, 1, 1, 0.  0
50. 84, 0. 23, 0.  0, 1, 1, 0.  0
50.104, 0. 23, 0.  0, 1, 1, 0.  0
50. 64, 0. 84, 0.  0, 1, 1, 0.  0
50. 43, 0. 64, 0.  0, 1, 1, 0.  0
50. 64, 0.124, 0.  0, 1, 1, 0.  0
50.104, 0. 43, 0.  0, 1, 1, 0.  0
50. 84, 0.104, 0.  0, 1, 1, 0.  0
50.124, 0.104, 0.  0, 1, 1, 0.  0
50.144, 0.144, 0.  0, 1, 1, 0.  0
50.285, 0.205, 0.  0, 1, 1, 0.  0
50.225, 0.265, 0.  0, 1, 1, 0.  0
50.265, 0. 84, 0.  0, 1, 1, 0.  0
50.305, 0.285, 0.  0, 1, 1, 0.  0
50.285, 0.346, 0.  0, 1, 1, 0.  0
50.406, 0.366, 0.  0, 1, 1, 0.  0
50.426, 0.386, 0.  0, 1, 1, 0.  0
50.426, 0.487, 0.  0, 1, 1, 0.  0
50.467, 0.507, 0.  0, 1, 1, 0.  0
50.446, 0.467, 0.  0, 1, 1, 0.  0
50.467, 0.527, 0.  0, 1, 1, 0.  0
50.507, 0.467, 0.  0, 1, 1, 0.  0
50.467, 0.487, 0.  0, 1, 1, 0.  0
50.446, 0.446, 0.  0, 1, 1, 0.  0
50.386, 0.406, 0.  0, 1, 1, 0.  0
50.467, 0.406, 0.  0, 1, 1, 0.  0
50.426, 0.426, 0.  0, 1, 1, 0.  0
50.346, 0.386, 0.  0, 1, 1, 0.  0
50.285, 0.326, 0.  0, 1, 1, 0.  0
50.305, 0.305, 0.  0, 1, 1, 0.  0
50.225, 0.225, 0.  0, 1, 1, 0.  0
50.245, 0.245, 0.  0, 1, 1, 0.  0
50.144, 0.184, 0.  0, 1, 1, 0.  0
50.184, 0.164, 0.  0, 1, 1, 0.  0
50.164, 0.144, 0.  0, 1, 1, 0.  0
50.124, 0.144, 0.  0, 1, 1, 0.  0
50.104, 0.104, 0.  0, 1, 1, 0.  0
50.104, 0.124, 0.  0, 1, 1, 0.  0
50.104, 0. 64, 0.  0, 1, 1, 0.  0
50. 84, 0. 64, 0.  0, 1, 1, 0.  0
50.144, 0. 64, 0.  0, 1, 1, 0.  0
50. 84, 0.144, 0.  0, 1, 1, 0.  0
50.104, 0.164, 0.  0, 1, 1, 0.  0
50.144, 0. 84, 0.  0, 1, 1, 0.  0
50.205, 0.164, 0.  0, 1, 1, 0.  0
50.184, 0.245, 0.  0, 1, 1, 0.  0
50.184, 0.164, 0.  0, 1, 1, 0.  0
50.144, 0.164, 0.  0, 1, 1, 0.  0
50.164, 0. 16, 0.  0, 1, 1, 0.  0
50.205, 0.205, 0.  0, 1, 1, 0.  0
50.265, 0.225, 0.  0, 1, 1, 0.  0
50.245, 0.225, 0.  0, 1, 1, 0.  0
50.305, 0.285, 0.  0, 1, 1, 0.  0
50.285, 0.265, 0.  0, 1, 1, 0.  0
50.305, 0.245, 0.  0, 1, 1, 0.  0
50.245, 0. 64, 0.  0, 1, 1, 0.  0
50.245, 0.346, 0.  0, 1, 1, 0.  0
50.386, 0.305, 0.  0, 1, 1, 0.  0
50.326, 0.346, 0.  0, 1, 1, 0.  0
50.346, 0.346, 0.  0, 1, 1, 0.  0
50.305, 0.346, 0.  0, 1, 1, 0.  0
50.386, 0.386, 0.  0, 1, 1, 0.  0
50.406, 0.346, 0.  0, 1, 1, 0.  0
50.386, 0.386, 0.  0, 1, 1, 0.  0
50.366, 0.326, 0.  0, 1, 1, 0.  0
50.406, 0.406, 0.  0, 1, 1, 0.  0
50.386, 0.386, 0.  0, 1, 1, 0.  0
50.446, 0.446, 0.  0, 1, 1, 0.  0
50.406, 0.386, 0.  0, 1, 1, 0.  0
50.406, 0.366, 0.  0, 1, 1, 0.  0
50.446, 0.366, 0.  0, 1, 1, 0.  0
50.366, 0.346, 0.  0, 1, 1, 0.  0
50.386, 0.366, 0.  0, 1, 1, 0.  0
50.326, 0.326, 0.  0, 1, 1, 0.  0
50.326, 0.326, 0.  0, 1, 1, 0.  0
50.285, 0.346, 0.  0, 1, 1, 0.  0
50.265, 0.265, 0.  0, 1, 1, 0.  0
50.104, 0.406, 0.  0, 1, 1, 0.  0
50.305, 0.265, 0.  0, 1, 1, 0.  0
50.164, 0.205, 0.  0, 1, 1, 0.  0
50.205, 0.205, 0.  0, 1, 1, 0.  0
50.144, 0.144, 0.  0, 1, 1, 0.  0
50.245, 0.124, 0.  0, 1, 1, 0.  0
50.144, 0.144, 0.  0, 1, 1, 0.  0
50.144, 0.144, 0.  0, 1, 1, 0.  0
50.124, 0.144, 0.  0, 1, 1, 0.  0
50. 64, 0.124, 0.  0, 1, 1, 0.  0
50. 43, 0. 43, 0.  0, 1, 1, 0.  0
50. 64, 0. 23, 0.  0, 1, 1, 0.  0
50. 84, 0. 64, 0.  1, 1, 1, 0.  0
50. 23, 0.124, 0.  0, 1, 1, 0.  0
50. 64, 0. 84, 0.  0, 1, 1, 0.  0
50. 84, 0. 84, 0.  0, 1, 1, 0.  0
50.  3, 0.144, 0.  0, 1, 1, 0.  0
50.164, 0.205, 0.  0, 1, 1, 0.  0
50.225, 0.245, 0.  0, 1, 1, 0.  0
50.164, 0.205, 0.  0, 1, 1, 0.  0
50.184, 0.225, 0.  0, 1, 1, 0.  0
50.164, 0.184, 0.  0, 1, 1, 0.  0
50.346, 0.326, 0.  0, 1, 1, 0.  0
50.346, 0.346, 0.  0, 1, 1, 0.  0
50.406, 0.467, 0.  0, 1, 1, 0.  0
50.386, 0.406, 0.  0, 1, 1, 0.  0
50.406, 0.406, 0.  0, 1, 1, 0.  0
50.487, 0.426, 0.  0, 1, 1, 0.  0
50.527, 0.487, 0.  0, 1, 1, 0.  0
50.467, 0.426, 0.  0, 1, 1, 0.  0
50.426, 0.446, 0.  0, 1, 1, 0.  0
50.406, 0.446, 0.  0, 1, 1, 0.  0
50.406, 0.406, 0.  0, 1, 1, 0.  0
50.487, 0.446, 0.  0, 1, 1, 0.  0
50.406, 0.386, 0.  0, 1, 1, 0.  0
49.842, 0.406, 0.  0, 1, 1, 0.  0
50.346, 0.326, 0.  0, 1, 1, 0.  0
50.366, 0.346, 0.  0, 1, 1, 0.  0
50.406, 0.326, 0.  0, 1, 1, 0.  0
50.265, 0.406, 0.  0, 1, 1, 0.  0
50.326, 0.245, 0.  0, 1, 1, 0.  0
50.346, 0.346, 0.  0, 1, 1, 0.  0
50.265, 0.205, 0.  0, 1, 1, 0.  0
49.923, 0. 36, 0.  1, 1, 1, 0.  0
49.983, 0. 16, 0.  8, 1, 1, 0.  0
49.943, 0. 84, 0.  0, 1, 1, 0.  0
50.205, 0.205, 0.  0, 1, 1, 0.  0
50.205, 0.245, 0.  0, 1, 1, 0.  0
50.305, 0.305, 0.  0, 1, 1, 0.  0
50.265, 0.305, 0.  0, 1, 1, 0.  0
50.225, 0.184, 0.  0, 1, 1, 0.  0
50.205, 0.124, 0.  0, 1, 1, 0.  0
50.124, 0.184, 0.  0, 1, 1, 0.  0
50.205, 0.124, 0.  0, 1, 1, 0.  0
50. 64, 0.  3, 0.  0, 1, 1, 0.  0
50. 64, 0. 23, 0.  0, 1, 1, 0.  0
50.245, 0.285, 0.  0, 1, 1, 0.  0
50.346, 0.265, 0.  0, 1, 1, 0.  0
50.225, 0.225, 0.  0, 1, 1, 0.  0
50.205, 0.265, 0.  0, 1, 1, 0.  0
50.225, 0.326, 0.  0, 1, 1, 0.  0
50.386, 0.245, 0.  0, 1, 1, 0.  0
50.265, 0.285, 0.  0, 1, 1, 0.  0
50.225, 0.205, 0.  0, 1, 1, 0.  0
50.205, 0.104, 0.  0, 1, 1, 0.  0
50.164, 0.104, 0.  0, 1, 1, 0.  0
50.144, 0.205, 0.  0, 1, 1, 0.  0
50.305, 0.245, 0.  0, 1, 1, 0.  0
50.285, 0.285, 0.  0, 1, 1, 0.  0
50.285, 0.184, 0.  0, 1, 1, 0.  0
50.285, 0.225, 0.  0, 1, 1, 0.  0
50.346, 0.346, 0.  0, 1, 1, 0.  0
50.346, 0.305, 0.  0, 1, 1, 0.  0
50.285, 0.305, 0.  0, 1, 1, 0.  0
50.346, 0.366, 0.  0, 1, 1, 0.  0
50.386, 0.366, 0.  0, 1, 1, 0.  0
50.467, 0.446, 0.  0, 1, 1, 0.  0
50.467, 0.406, 0.  0, 1, 1, 0.  0
50.386, 0.164, 0.  0, 1, 1, 0.  0
50.386, 0.366, 0.  0, 1, 1, 0.  0
50.406, 0.426, 0.  0, 1, 1, 0.  0
50.426, 0.426, 0.  0, 1, 1, 0.  0
50.406, 0.406, 0.  0, 1, 1, 0.  0
50.265, 0.366, 0.  0, 1, 1, 0.  0
50.386, 0.265, 0.  0, 1, 1, 0.  0
50.366, 0.265, 0.  0, 1, 1, 0.  0
50.326, 0.285, 0.  0, 1, 1, 0.  0
50.225, 0.245, 0.  0, 1, 1, 0.  0
50.225, 0.265, 0.  0, 1, 1, 0.  0
50.245, 0.225, 0.  0, 1, 1, 0.  0
50.184, 0.184, 0.  0, 1, 1, 0.  0
50.184, 0.124, 0.  0, 1, 1, 0.  0
50.104, 0.144, 0.  0, 1, 1, 0.  0
50.104, 0. 84, 0.  0, 1, 1, 0.  0
50. 23, 0. 64, 0.  0, 1, 1, 0.  0
50.164, 0. 64, 0.  0, 1, 1, 0.  0
50. 84, 0.144, 0.  0, 1, 1, 0.  0
50.104, 0.104, 0.  0, 1, 1, 0.  0
50. 64, 0. 64, 0.  0, 1, 1, 0.  0
50.124, 0.104, 0.  0, 1, 1, 0.  0
50. 64, 0.184, 0.  0, 1, 1, 0.  0
50.144, 0.144, 0.  0, 1, 1, 0.  0
50.104, 0.184, 0.  0, 1, 1, 0.  0
50.205, 0.184, 0.  0, 1, 1, 0.  0
50.225, 0.225, 0.  0, 1, 1, 0.  0
50.326, 0.305, 0.  0, 1, 1, 0.  0
50.305, 0.346, 0.  0, 1, 1, 0.  0
50.386, 0.346, 0.  0, 1, 1, 0.  0
50.386, 0.346, 0.  0, 1, 1, 0.  0
50.406, 0.305, 0.  0, 1, 1, 0.  0
50.446, 0.366, 0.  0, 1, 1, 0.  0
50.406, 0.406, 0.  0, 1, 1, 0.  0
50.467, 0.406, 0.  0, 1, 1, 0.  0
50.366, 0.406, 0.  0, 1, 1, 0.  0
50.426, 0.446, 0.  0, 1, 1, 0.  0
50.386, 0.406, 0.  0, 1, 1, 0.  0
50.406, 0.406, 0.  0, 1, 1, 0.  0
50.366, 0.346, 0.  0, 1, 1, 0.  0
50.366, 0.346, 0.  0, 1, 1, 0.  0
50.346, 0.305, 0.  0, 1, 1, 0.  0
50.265, 0.285, 0.  0, 1, 1, 0.  0
50.184, 0.245, 0.  0, 1, 1, 0.  0
50.164, 0.184, 0.  0, 1, 1, 0.  0
50.164, 0.278, 0.  2, 1, 1, 0.  0
50.164, 0.164, 0.  0, 1, 1, 0.  0
50.184, 0.144, 0.  0, 1, 1, 0.  0
50.184, 0.184, 0.  0, 1, 1, 0.  0
50.184, 0.144, 0.  0, 1, 1, 0.  0
50.144, 0.164, 0.  0, 1, 1, 0.  0
50.144, 0.205, 0.  0, 1, 1, 0.  0
50.104, 0.144, 0.  0, 1, 1, 0.  0
50.164, 0.164, 0.  0, 1, 1, 0.  0
50. 84, 0.104, 0.  0, 1, 1, 0.  0
50. 43, 0.184, 0.  0, 1, 1, 0.  0
50.205, 0.184, 0.  0, 1, 1, 0.  0
50.265, 0.265, 0.  0, 1, 1, 0.  0
50.285, 0.245, 0.  0, 1, 1, 0.  0
50.265, 0.285, 0.  0, 1, 1, 0.  0
50.285, 0.285, 0.  0, 1, 1, 0.  0
49.943, 0.265, 0.  0, 1, 1, 0.  0
50.346, 0.265, 0.  0, 1, 1, 0.  0
50.285, 0.326, 0.  0, 1, 1, 0.  0
50.265, 0.305, 0.  0, 1, 1, 0.  0
50.285, 0.305, 0.  0, 1, 1, 0.  0
50.467, 0.305, 0.  0, 1, 1, 0.  0
50.326, 0.346, 0.  0, 1, 1, 0.  0
50.305, 0.285, 0.  0, 1, 1, 0.  0
50.265, 0.265, 0.  0, 1, 1, 0.  0
50.305, 0.326, 0.  0, 1, 1, 0.  0
50.285, 0.285, 0.  0, 1, 1, 0.  0
50.184, 0.285, 0.  0, 1, 1, 0.  0
50.245, 0.305, 0.  0, 1, 1, 0.  0
50.225, 0.205, 0.  0, 1, 1, 0.  0
50.225, 0.285, 0.  0, 1, 1, 0.  0
50.184, 0.245, 0.  0, 1, 1, 0.  0
50.205, 0.205, 0.  0, 1, 1, 0.  0
50.205, 0.225, 0.  0, 1, 1, 0.  0
50.265, 0.205, 0.  0, 1, 1, 0.  0
50.265, 0.285, 0.  0, 1, 1, 0.  0
50.245, 0.245, 0.  0, 1, 1, 0.  0
50.245, 0.285, 0.  0, 1, 1, 0.  0
50.285, 0.265, 0.  0, 1, 1, 0.  0
50.225, 0.265, 0.  0, 1, 1, 0.  0
50.285, 0.305, 0.  0, 1, 1, 0.  0
50.245, 0.245, 0.  0, 1, 1, 0.  0
50.326, 0.305, 0.  0, 1, 1, 0.  0
50.285, 0.346, 0.  0, 1, 1, 0.  0
50.346, 0.346, 0.  0, 1, 1, 0.  0
50.346, 0.265, 0.  0, 1, 1, 0.  0
50.305, 0.285, 0.  0, 1, 1, 0.  0
50.285, 0.265, 0.  0, 1, 1, 0.  0
50.285, 0.305, 0.  0, 1, 1, 0.  0
50.305, 0.245, 0.  0, 1, 1, 0.  0
50.245, 0.265, 0.  0, 1, 1, 0.  0
50.225, 0.225, 0.  0, 1, 1, 0.  0
50.184, 0.184, 0.  0, 1, 1, 0.  0
50.184, 0.164, 0.  0, 1, 1, 0.  0
50.164, 0.164, 0.  0, 1, 1, 0.  0
50.184, 0.205, 0.  0, 1, 1, 0.  0
50.184, 0.124, 0.  0, 1, 1, 0.  0
50.205, 0.124, 0.  0, 1, 1, 0.  0
50.104, 0.144, 0.  0, 1, 1, 0.  0
50.164, 0.184, 0.  0, 1, 1, 0.  0
50.164, 0.225, 0.  0, 1, 1, 0.  0
50.225, 0.184, 0.  0, 1, 1, 0.  0
50.205, 0.205, 0.  0, 1, 1, 0.  0
50.225, 0.205, 0.  0, 1, 1, 0.  0
50.225, 0.205, 0.  0, 1, 1, 0.  0
50.265, 0.265, 0.  0, 1, 1, 0.  0
50.265, 0.265, 0.  0, 1, 1, 0.  0
50.305, 0.285, 0.  0, 1, 1, 0.  0
50.285, 0.265, 0.  0, 1, 1, 0.  0
50.346, 0.366, 0.  0, 1, 1, 0.  0
50.326, 0.366, 0.  0, 1, 1, 0.  0
50.346, 0.406, 0.  0, 1, 1, 0.  0
50.386, 0.446, 0.  0, 1, 1, 0.  0
50.366, 0.386, 0.  0, 1, 1, 0.  0
50.366, 0.386, 0.  0, 1, 1, 0.  0
50.406, 0.366, 0.  0, 1, 1, 0.  0
50.386, 0.386, 0.  0, 1, 1, 0.  0
50.366, 0.346, 0.  0, 1, 1, 0.  0
50.366, 0.326, 0.  0, 1, 1, 0.  0
50.346, 0.265, 0.  0, 1, 1, 0.  0
50.285, 0.305, 0.  0, 1, 1, 0.  0
50.346, 0.265, 0.  0, 1, 1, 0.  0
50.305, 0.305, 0.  0, 1, 1, 0.  0
50.245, 0.245, 0.  0, 1, 1, 0.  0
50.265, 0.225, 0.  0, 1, 1, 0.  0
50.184, 0.225, 0.  0, 1, 1, 0.  0
50.205, 0.205, 0.  0, 1, 1, 0.  0
50.205, 0.164, 0.  0, 1, 1, 0.  0
50.184, 0.144, 0.  0, 1, 1, 0.  0
50.164, 0.205, 0.  0, 1, 1, 0.  0
50.144, 0.164, 0.  0, 1, 1, 0.  0
50.205, 0.144, 0.  0, 1, 1, 0.  0
50.104, 0.104, 0.  0, 1, 1, 0.  0
50.164, 0.164, 0.  0, 1, 1, 0.  0
50.184, 0.225, 0.  0, 1, 1, 0.  0
50.164, 0.205, 0.  0, 1, 1, 0.  0
50.144, 0.164, 0.  0, 1, 1, 0.  0
50.164, 0.184, 0.  0, 1, 1, 0.  0
50.265, 0.184, 0.  0, 1, 1, 0.  0
50.205, 0.225, 0.  0, 1, 1, 0.  0
50.225, 0.205, 0.  0, 1, 1, 0.  0
50.184, 0.245, 0.  0, 1, 1, 0.  0
50.265, 0.265, 0.  0, 1, 1, 0.  0
50.305, 0.245, 0.  0, 1, 1, 0.  0
50.285, 0.285, 0.  0, 1, 1, 0.  0
50.285, 0.265, 0.  0, 1, 1, 0.  0
50.285, 0.285, 0.  0, 1, 1, 0.  0
50.265, 0.245, 0.  0, 1, 1, 0.  0
50.305, 0.285, 0.  0, 1, 1, 0.  0
50.326, 0.305, 0.  0, 1, 1, 0.  0
50.305, 0.346, 0.  0, 1, 1, 0.  0
50.326, 0.285, 0.  0, 1, 1, 0.  0
50.265, 0.285, 0.  0, 1, 1, 0.  0
50.305, 0.305, 0.  0, 1, 1, 0.  0
50.346, 0.346, 0.  0, 1, 1, 0.  0
50.346, 0.346, 0.  0, 1, 1, 0.  0
50.326, 0.366, 0.  0, 1, 1, 0.  0
50.326, 0.285, 0.  0, 1, 1, 0.  0
50.265, 0.326, 0.  0, 1, 1, 0.  0
50.346, 0.305, 0.  0, 1, 1, 0.  0
50.265, 0.305, 0.  0, 1, 1, 0.  0
50.326, 0.326, 0.  0, 1, 1, 0.  0
50.265, 0.265, 0.  0, 1, 1, 0.  0
50.265, 0.305, 0.  0, 1, 1, 0.  0
50.285, 0.265, 0.  0, 1, 1, 0.  0
50.285, 0.265, 0.  0, 1, 1, 0.  0
50.285, 0.285, 0.  0, 1, 1, 0.  0
50.265, 0.346, 0.  0, 1, 1, 0.  0
50.265, 0.245, 0.  0, 1, 1, 0.  0
50.245, 0.265, 0.  0, 1, 1, 0.  0
50.265, 0.225, 0.  0, 1, 1, 0.  0
