
 System Startup!

 Motor Initialized! 

 Load Cell Configured! 

 Controller Initialized! 
62. 31, -15.30597, -23.46395, 0, 1, 920.  0
64.992, -14.28992, -20.40989, 0, 1, 800.  0
57.679, -10.20217, -10.20217, 0, 1, 400.  0
51.756, -7.14175, -5.10023, 0, 1, 200.  0
51.212, -1.2212, 0.121, 0, 1, 0.  0
43.798, 3.159, 0.979, 1, 1, 0.  0
43.456, 6.543, 4. 23, 1, 1, 159.999
40.917, 9. 82, 8.362, 1, 1, 319.999
39.144, 10.855, 11.151, 1, 1, 439.999
41.542, 8.981, 7.661, 1, 1, 280.  0
43.355, 6.644, 4.529, 1, 1, 159.999
46.880, 3.119, 1.540, 1, 1, 39.999
58.465, -1.2716, 0.416, 1, 1, 0.  0
65.778, -9.18210, -7.14793, 0, 1, 280.  0
69.163, -19.38163, -36.72297, 0, 1, 1440.  0
74.642, -24.48642, -59.118142, 0, 1, 2359.999
78.732, -28.56732, -80.160451, 0, 1, 3200.  0
74.360, -28.56349, -79.158379, 0, 1, 3160.  0
73.796, -23.46796, -54.108732, 0, 1, 2160.  0
67.531, -17.34531, -29.58802, 0, 1, 1159.999
60.560, -10.20560, -10.20560, 0, 1, 400.  0
54.133, -4.8133, -1.2653, 0, 1, 39.999
46. 95, 1.  3, 0.110, 1, 1, 0.  0
45.974, 4. 25, 1.660, 1, 1, 39.999
42.771, 6. 20, 3.722, 1, 1, 119.999
41.763, 7.510, 5.443, 1, 1, 200.  0
42.670, 7.329, 5.389, 1, 1, 200.  0
43.858, 6.141, 4.  4, 1, 1, 159.999
45.631, 4.368, 2.111, 1, 1, 79.999
49.278, 0.721, 0.371, 1, 1, 0.  0
54.456, -4.8456, -1.2455, 0, 1, 39.999
59.673, -9.18673, -8.16476, 0, 1, 319.999
64.952, -14.28952, -20.40852, 0, 1, 800.  0
69.485, -19.38485, -37.74022, 0, 1, 1480.  0
72.608, -22.44608, -49.98737, 0, 1, 1960.  0
71.137, -21.42137, -44.88388, 0, 1, 1759.999
66.725, -16.32725, -26.52760, 0, 1, 1039.999
60.600, -10.20600, -10.20600, 0, 1, 400.  0
54.274, -4.8274, -1.2709, 0, 1, 39.999
45.390, 1.346, 0.148, 1, 1, 0.  0
45. 87, 4.912, 2. 27, 1, 1, 79.999
40.937, 6.826, 4.226, 1, 1, 159.999
41.783, 8.518, 7. 30, 1, 1, 280.  0
41.985, 9.485, 8.942, 1, 1, 319.999
43.939, 6. 60, 4.102, 1, 1, 159.999
46.780, 3.219, 1.464, 1, 1, 39.999
51.937, -1.2937, 0.285, 1, 1, 0.  0
64.347, -7.14860, -5.10102, 0, 1, 200.  0
65.476, -15.30476, -23.46123, 0, 1, 920.  0
72.769, -22.44769, -50.100092, 0, 1, 2000.  0
78.329, -28.56329, -79.158323, 0, 1, 3160.  0
78.873, -28.56873, -80.160846, 0, 1, 3200.  0
68.860, -25.50146, -62.124866, 0, 1, 2480.  0
68.195, -18.36195, -32.64752, 0, 1, 1279.999
60.681, -10.20681, -10.20681, 0, 1, 400.  0
53.186, -3.6186, 0.956, 0, 1, 0.  0
47.223, 2.776, 0.583, 1, 1, 0.  0
43.335, 6.664, 4. 93, 1, 1, 159.999
40.877, 9.122, 8.396, 1, 1, 319.999
39.849, 10.150, 10.437, 1, 1, 400.  0
40.313, 9.686, 9.102, 1, 1, 360.  0
44. 80, 5.919, 3.402, 1, 1, 119.999
48.190, 1.809, 0.642, 1, 1, 0.  0
55.846, -5.10846, -2.4520, 0, 1, 79.999
63.219, -13.26219, -16.32915, 0, 1, 639.999
72.386, -22.44386, -49.98203, 0, 1, 1960.  0
80.344, -30.60344, -91.182032, 0, 1, 3640.  0
82.500, -32.64500, -104.208000, 0, 1, 4000.  0
81.815, -31.62815, -98.196626, 0, 1, 3920.  0
75.126, -25.50126, -62.124815, 0, 1, 2480.  0
58.989, -17.34108, -29.58083, 0, 1, 1159.999
52. 98, -2.4098, 0.419, 0, 1, 0.  0
51.554, -1.2554, 0.155, 0, 1, 0.  0
45.329, 2. 51, 0.451, 1, 1, 0.  0
45. 47, 4.952, 2.121, 1, 1, 79.999
43.234, 6.765, 4.267, 1, 1, 159.999
43.617, 6.382, 4.101, 1, 1, 159.999
45.873, 4.126, 1.963, 1, 1, 39.999
48.130, 1.869, 0.518, 1, 1, 0.  0
53. 25, -3.6025, 0.606, 0, 1, 0.  0
58.807, -8.16807, -6.12832, 0, 1, 239.999
66. 40, -16.32040, -25.50611, 0, 1, 1000.  0
77.584, -22.44305, -49.98072, 0, 1, 1960.  0
78.934, -27.54866, -75.150239, 0, 1, 3000.  0
78.913, -28.56913, -80.160958, 0, 1, 3200.  0
76.879, -26.52879, -69.138885, 0, 1, 2759.999
72.527, -22.44527, -49.98560, 0, 1, 1960.  0
66.684, -16.32684, -26.52695, 0, 1, 1039.999
54.879, -10.20520, -10.20520, 0, 1, 400.  0
54.516, -4.8516, -1.2806, 0, 1, 39.999
50.608, 0.608, 0.  0, 1, 1, 0.  0
47.968, 2. 31, 0.426, 1, 1, 0.  0
47.  1, 2.998, 0.649, 1, 1, 0.  0
47.243, 2.756, 0.629, 1, 1, 0.  0
50.285, 1.648, 0.259, 1, 1, 0.  0
50.930, 0.930, 0. 75, 1, 1, 0.  0
57.921, -4.8476, -1.2790, 0, 1, 39.999
58.404, -8.16404, -6.12723, 0, 1, 239.999
63.199, -13.26199, -17.34159, 0, 1, 680.  0
67.531, -17.34531, -29.58802, 0, 1, 1159.999
70.714, -20.40714, -41.82428, 0, 1, 1639.999
71.620, -21.42620, -45.90403, 0, 1, 1799.999
70.331, -20.40331, -40.80663, 0, 1, 1600.  0
67.208, -17.34208, -29.58254, 0, 1, 1159.999
62.776, -12.24776, -15.30331, 0, 1, 600.  0
57.578, -7.14578, -5.10305, 0, 1, 200.  0
49.661, -2.4965, 0.593, 0, 1, 0.  0
47.747, 0.620, 0. 12, 1, 1, 0.  0
47.606, 2.393, 0.539, 1, 1, 0.  0
47.  1, 2.998, 0.689, 1, 1, 0.  0
47.847, 2.877, 0.694, 1, 1, 0.  0
47.747, 2.252, 0.592, 1, 1, 0.  0
49.620, 0.379, 0.145, 1, 1, 0.  0
52.260, -2.4260, 0.329, 0, 1, 0.  0
59.452, -9.18452, -8.16478, 0, 1, 319.999
59.653, -9.18653, -8.16688, 0, 1, 319.999
63. 78, -13.26078, -17.34002, 0, 1, 680.  0
64.489, -14.28489, -20.40284, 0, 1, 800.  0
64.  5, -14.28005, -19.38607, 0, 1, 759.999
61.789, -11.22789, -12.24968, 0, 1, 479.999
55.141, -5.10141, -2.4570, 0, 1, 79.999
54.758, -4.8758, -1.2903, 0, 1, 39.999
51.897, -1.2897, 0.189, 0, 1, 0.  0
49.459, 0.540, 0.  5, 1, 1, 0.  0
48. 89, 1.910, 0.215, 1, 1, 0.  0
47.404, 2.595, 0.569, 1, 1, 0.  0
47.565, 2.434, 0.561, 1, 1, 0.  0
49.137, 1.970, 0.291, 1, 1, 0.  0
49. 16, 0.983, 0.114, 1, 1, 0.  0
52.723, 0.728, 0. 99, 1, 1, 0.  0
53.428, -3.6428, 0.963, 0, 1, 0.  0
57.739, -5.10725, -2.4854, 0, 1, 79.999
59.412, -7.14880, -5.10516, 0, 1, 200.  0
59.855, -9.18855, -8.16869, 0, 1, 319.999
60.137, -10.20137, -10.20137, 0, 1, 400.  0
58.948, -8.16948, -7.14158, 0, 1, 280.  0
56.652, -6.12652, -3.6991, 0, 1, 119.999
53.650, -3.6650, -1.2095, 0, 1, 39.999
50.749, 0.749, 0.  0, 1, 1, 0.  0
48.391, 1.608, 0.176, 1, 1, 0.  0
47. 82, 2.917, 0.628, 1, 1, 0.  0
46.256, 3.743, 1.205, 1, 1, 39.999
46.175, 3.824, 1.268, 1, 1, 39.999
47.283, 2.695, 0.687, 1, 1, 0.  0
48.  9, 1.990, 0.386, 1, 1, 0.  0
51.373, 0.379, 0.195, 1, 1, 0.  0
51.534, -1.2534, 0. 26, 1, 1, 0.  0
55.382, -3.6327, 0.851, 0, 1, 0.  0
57.558, -7.14558, -5.10278, 0, 1, 200.  0
57.296, -7.14296, -5.10107, 0, 1, 200.  0
58.868, -8.16868, -7.14094, 0, 1, 280.  0
56.531, -8.16102, -6.12482, 0, 1, 239.999
56.249, -6.12249, -3.6749, 0, 1, 119.999
53.347, -3.6347, -1.2004, 0, 1, 39.999
47.928, 2. 71, 0.435, 1, 1, 0.  0
47.727, 2.272, 0.498, 1, 1, 0.  0
46.357, 3.642, 1.172, 1, 1, 39.999
45. 67, 4.932, 2.102, 1, 1, 79.999
45.974, 4.710, 2. 60, 1, 1, 79.999
46.800, 4.307, 1.985, 1, 1, 39.999
47.485, 2.514, 0.790, 1, 1, 0.  0
49.862, 0.137, 0.288, 1, 1, 0.  0
52.360, -2.4360, 0.206, 0, 1, 0.  0
57.336, -5.10060, -2.4315, 0, 1, 79.999
59.573, -6.12732, -3.6959, 0, 1, 119.999
60.258, -9.18351, -8.16416, 0, 1, 319.999
60.479, -10.20479, -10.20479, 0, 1, 400.  0
55.564, -8.16626, -6.12901, 0, 1, 239.999
55.161, -5.10161, -2.4580, 0, 1, 79.999
51. 91, -1.2091, 0.109, 0, 1, 0.  0
47.465, 2.534, 0.532, 1, 1, 0.  0
45. 67, 4.932, 2. 47, 1, 1, 79.999
42.690, 7.309, 5.264, 1, 1, 200.  0
44.221, 7.591, 5.537, 1, 1, 200.  0
45.853, 7.269, 5.384, 1, 1, 200.  0
46.135, 3.864, 1.494, 1, 1, 39.999
48.734, 1.265, 0.474, 1, 1, 0.  0
56.712, -2.4864, 0.253, 0, 1, 0.  0
61. 64, -7.14397, -5.10007, 0, 1, 200.  0
63.300, -13.26300, -17.34252, 0, 1, 680.  0
63.965, -14.28146, -19.38805, 0, 1, 759.999
59.996, -13.26542, -17.34604, 0, 1, 680.  0
59.432, -9.18432, -8.16489, 0, 1, 319.999
53.690, -3.6690, -1.2107, 0, 1, 39.999
48.230, 1.769, 0.194, 1, 1, 0.  0
41.401, 5.919, 3. 36, 1, 1, 119.999
41.360, 8.639, 7. 74, 1, 1, 280.  0
40.333, 9.666, 8.959, 1, 1, 319.999
39.305, 10.694, 11. 61, 1, 1, 439.999
46.457, 6.483, 4.321, 1, 1, 159.999
48. 89, 1.910, 0.641, 1, 1, 0.  0
52.763, -2.4763, 0.129, 0, 1, 0.  0
65.113, -9.18472, -8.16196, 0, 1, 319.999
66. 40, -16.32040, -25.50496, 0, 1, 1000.  0
70.512, -20.40512, -41.82025, 0, 1, 1639.999
69.304, -19.38304, -36.72677, 0, 1, 1440.  0
63.119, -13.26119, -17.34054, 0, 1, 680.  0
53.871, -3.6871, -1.2161, 0, 1, 39.999
39.769, 4.670, 1.914, 1, 1, 39.999
39. 23, 10.976, 11.132, 1, 1, 439.999
34.652, 14.340, 20.376, 1, 1, 800.  0
32.375, 17.624, 30.437, 1, 1, 1200.  0
40.474, 13. 91, 17.626, 1, 1, 680.  0
46. 95, 3.904, 1.856, 1, 1, 39.999
64.327, -2.4360, 0.189, 1, 1, 0.  0
75.750, -15.30959, -23.46437, 0, 1, 920.  0
77.141, -27.54141, -73.146050, 0, 1, 2920.  0
80.384, -32.64238, -103.206161, 0, 1, 4000.  0
79.558, -29.58558, -85.170719, 0, 1, 3400.  0
66.926, -16.32926, -27.54082, 0, 1, 1080.  0
51.353, -1.2353, 0.135, 0, 1, 0.  0
38.338, 11.661, 12.943, 1, 1, 479.999
23.672, 20.  1, 40.320, 1, 1, 1600.  0
25.626, 24.373, 59. 57, 1, 1, 2359.999
24. 75, 25.924, 65.631, 1, 1, 2599.999
49.399, 14.139, 20.755, 1, 1, 800.  0
51. 51, -1.2051, 0.834, 1, 1, 0.  0
67. 87, -17.34087, -28.56280, 0, 1, 1120.  0
80.223, -30.60223, -90.180203, 0, 1, 3599.999
82.500, -32.64500, -103.206858, 0, 1, 4000.  0
75.448, -25.50448, -63.126621, 0, 1, 2519.999
73.695, -23.46695, -54.108500, 0, 1, 2160.  0
53.972, -3.6972, -1.2191, 0, 1, 39.999
37.492, 12.507, 15.133, 1, 1, 600.  0
25.283, 24.716, 59.938, 1, 1, 2359.999
20.126, 29.873, 87.633, 1, 1, 3480.  0
19.703, 30.296, 91.890, 1, 1, 3640.  0
29.756, 20.243, 41.487, 1, 1, 1639.999
63.481, 3.542, 2. 62, 1, 1, 79.999
79.558, -15.30415, -22.44431, 0, 1, 879.999
80.747, -30.60747, -91.182857, 0, 1, 3640.  0
82.500, -32.64500, -104.208000, 0, 1, 4000.  0
82.500, -32.64500, -104.208000, 0, 1, 4000.  0
79.760, -29.58760, -86.172304, 0, 1, 3440.  0
41.179, -9.18472, -8.16525, 0, 1, 319.999
39.749, 10.250, 10.353, 1, 1, 400.  0
26.492, 23.507, 54.404, 1, 1, 2160.  0
18.333, 31.666, 99.137, 1, 1, 3960.  0
25.163, 24.836, 60.608, 1, 1, 2400.  0
26.492, 23.507, 55. 66, 1, 1, 2200.  0
41.320, 8.679, 7.943, 1, 1, 280.  0
74.340, -9.18694, -7.14821, 0, 1, 280.  0
75.932, -25.50932, -64.128186, 0, 1, 2559.999
82.500, -32.64500, -104.208000, 0, 1, 4000.  0
82.500, -32.64500, -104.208000, 0, 1, 4000.  0
82.379, -32.64379, -103.206613, 0, 1, 4000.  0
62.857, -12.24857, -15.30428, 0, 1, 600.  0
25.888, 8.780, 7.111, 1, 1, 280.  0
15.432, 25.421, 63.895, 1, 1, 2519.999
16.358, 33.641, 111.693, 1, 1, 4000.  0
11.423, 38.576, 147.592, 1, 1, 4000.  0
18.937, 31. 62, 97.293, 1, 1, 3880.  0
51.393, 15. 45, 23.568, 1, 1, 920.  0
53.267, -3.6267, 0. 12, 0, 1, 0.  0
69.686, -19.38686, -36.72634, 0, 1, 1440.  0
82.298, -32.64298, -102.204907, 0, 1, 4000.  0
82.500, -32.64500, -103.206877, 0, 1, 4000.  0
82.500, -32.64500, -104.208000, 0, 1, 4000.  0
65.858, -15.30858, -23.46788, 0, 1, 920.  0
45.430, 4.569, 1.873, 1, 1, 39.999
27.399, 22.600, 49.993, 1, 1, 1960.  0
15.512, 34.487, 117.872, 1, 1, 4000.  0
7.554, 42.445, 179.269, 1, 1, 4000.  0
11.382, 38.617, 147.745, 1, 1, 4000.  0
25.706, 24.293, 59.303, 1, 1, 2359.999
43.899, 6.100, 4.660, 1, 1, 159.999
59.875, -9.18875, -7.14986, 0, 1, 280.  0
82.459, -24.48300, -57.114662, 0, 1, 2279.999
82.500, -32.64500, -103.206666, 0, 1, 4000.  0
74.501, -32.64500, -104.208000, 0, 1, 4000.  0
72.769, -22.44769, -50.100092, 0, 1, 2000.  0
52.320, -2.4320, 0.464, 0, 1, 0.  0
32.979, 17. 20, 29.274, 1, 1, 1159.999
7.595, 42.404, 179.100, 1, 1, 4000.  0
10.113, 39.886, 156.557, 1, 1, 4000.  0
6.386, 43.613, 188.538, 1, 1, 4000.  0
15.754, 34.245, 117.434, 1, 1, 4000.  0
48.170, 1.829, 1.182, 1, 1, 39.999
49.802, 0.197, 1.  0, 1, 1, 39.999
62.877, -12.24877, -14.28581, 0, 1, 560.  0
81.653, -26.52032, -67.134074, 0, 1, 2680.  0
82.500, -32.64500, -103.206714, 0, 1, 4000.  0
67.672, -32.64258, -103.206226, 0, 1, 4000.  0
65.597, -15.30597, -23.46395, 0, 1, 920.  0
46.739, 3.260, 1. 43, 1, 1, 39.999
28. 64, 21.935, 46.349, 1, 1, 1840.  0
16.157, 33.842, 112.303, 1, 1, 4000.  0
6.970, 43. 29, 186. 26, 1, 1, 4000.  0
16.983, 43. 89, 186.285, 1, 1, 4000.  0
18.554, 31.445, 98.479, 1, 1, 3920.  0
34.470, 15.529, 24.293, 1, 1, 959.999
52. 78, -2.4078, 0.563, 1, 1, 0.  0
67.108, -17.34108, -28.56275, 0, 1, 1120.  0
78.913, -28.56913, -80.160439, 0, 1, 3200.  0
80.847, -32.64500, -103.206806, 0, 1, 4000.  0
79.739, -29.58739, -86.172245, 0, 1, 3440.  0
62.131, -12.24131, -14.28558, 0, 1, 560.  0
42.730, 7.269, 5.233, 1, 1, 200.  0
24.437, 25.562, 64.306, 1, 1, 2559.999
5.117, 37.710, 140.307, 1, 1, 4000.  0
4.875, 45.124, 204. 60, 1, 1, 4000.  0
8.663, 41.336, 170.481, 1, 1, 4000.  0
38.782, 27.979, 76.545, 1, 1, 3039.999
40.615, 9.384, 9.446, 1, 1, 360.  0
56.732, -6.12732, -3.6106, 0, 1, 119.999
71.761, -21.42761, -45.90202, 0, 1, 1799.999
82.298, -32.64298, -103.206355, 0, 1, 4000.  0
79.115, -32.64500, -104.208000, 0, 1, 4000.  0
77.503, -27.54503, -74.148259, 0, 1, 2960.  0
57.880, -7.14880, -5.10516, 0, 1, 200.  0
38. 16, 11.983, 13.301, 1, 1, 519.999
19.965, 30. 34, 90.824, 1, 1, 3599.999
9.549, 40.450, 162.802, 1, 1, 4000.  0
4.855, 45.144, 204.151, 1, 1, 4000.  0
11.826, 38.173, 146. 61, 1, 1, 4000.  0
27.620, 22.379, 50.234, 1, 1, 2000.  0
47.324, 2.675, 1.535, 1, 1, 39.999
64.428, -14.28428, -19.38344, 0, 1, 759.999
79.236, -29.58236, -84.168514, 0, 1, 3359.999
82.500, -32.64500, -104.208000, 0, 1, 4000.  0
74.965, -32.64500, -104.208000, 0, 1, 4000.  0
73.252, -23.46252, -53.106481, 0, 1, 2119.999
32.516, -2.4098, 0.419, 0, 1, 0.  0
30.763, 19.236, 36.741, 1, 1, 1440.  0
18.333, 31.666, 98.675, 1, 1, 3920.  0
7.534, 39.926, 156.622, 1, 1, 4000.  0
8. 98, 41.901, 172.794, 1, 1, 4000.  0
18.272, 31.727, 99.354, 1, 1, 3960.  0
36.324, 13.675, 18.778, 1, 1, 720.  0
53.347, -3.6347, 0. 37, 0, 1, 0.  0
82.500, -21.42782, -44.88993, 0, 1, 1759.999
82.500, -32.64500, -103.206576, 0, 1, 4000.  0
82.500, -32.64500, -103.206901, 0, 1, 4000.  0
82.500, -32.64500, -104.208000, 0, 1, 4000.  0
65.456, -15.30456, -23.46184, 0, 1, 920.  0
44.886, 5.113, 2.607, 1, 1, 79.999
16.358, 22.943, 50.755, 1, 1, 2000.  0
15.593, 34.406, 117.607, 1, 1, 4000.  0
8.360, 41.639, 171.720, 1, 1, 4000.  0
12.208, 37.791, 140.827, 1, 1, 4000.  0
43.576, 23.769, 55.669, 1, 1, 2200.  0
45.470, 4.529, 2.811, 1, 1, 79.999
62.877, -12.24877, -14.28581, 0, 1, 560.  0
82.500, -28.56893, -80.160320, 0, 1, 3200.  0
82.500, -32.64500, -103.206742, 0, 1, 4000.  0
80.122, -30.60122, -90.180368, 0, 1, 3599.999
78.510, -28.56510, -79.158830, 0, 1, 3160.  0
57.598, -7.14598, -5.10319, 0, 1, 200.  0
37.835, 12.164, 14.719, 1, 1, 560.  0
22. 20, 27.979, 75.947, 1, 1, 3000.  0
11.382, 38.617, 147.533, 1, 1, 4000.  0
7.736, 42.263, 178.507, 1, 1, 4000.  0
16.258, 33.741, 112.347, 1, 1, 4000.  0
50.950, 16.879, 28.  6, 1, 1, 1120.  0
52.965, -2.4965, 0.377, 1, 1, 0.  0
71. 36, -21.42036, -43.86416, 0, 1, 1720.  0
82.500, -32.64500, -103.206565, 0, 1, 4000.  0
82.500, -32.64500, -103.206890, 0, 1, 4000.  0
82.500, -32.64500, -104.208000, 0, 1, 4000.  0
71.298, -21.42298, -44.88726, 0, 1, 1759.999
47.888, 2.111, 0.443, 1, 1, 0.  0
29.293, 20.706, 41.642, 1, 1, 1639.999
17.970, 32. 29, 103. 42, 1, 1, 4000.  0
11.161, 40.853, 164.370, 1, 1, 4000.  0
23.652, 38. 73, 145.678, 1, 1, 4000.  0
25.304, 24.695, 60.270, 1, 1, 2400.  0
42.106, 7.893, 6.525, 1, 1, 239.999
60.802, -10.20802, -9.18910, 0, 1, 360.  0
76.597, -26.52597, -68.136526, 0, 1, 2720.  0
82.500, -32.64500, -103.206698, 0, 1, 4000.  0
80.525, -32.64500, -104.208000, 0, 1, 4000.  0
78.913, -28.56913, -80.160958, 0, 1, 3200.  0
58.706, -8.16706, -6.12965, 0, 1, 239.999
23.390, 10.915, 11.134, 1, 1, 439.999
21.919, 28. 80, 79.124, 1, 1, 3160.  0
13.417, 36.582, 132.561, 1, 1, 4000.  0
8.622, 41.377, 170.646, 1, 1, 4000.  0
16.318, 33.681, 112.148, 1, 1, 4000.  0
49.278, 17.805, 31.269, 1, 1, 1240.  0
51.172, -1.2172, 0.871, 1, 1, 0.  0
67.833, -17.34833, -29.58506, 0, 1, 1159.999
81.835, -31.62835, -98.196197, 0, 1, 3920.  0
82.500, -32.64500, -103.206833, 0, 1, 4000.  0
82.500, -32.64500, -104.208000, 0, 1, 4000.  0
49.661, -20.40452, -40.80904, 0, 1, 1600.  0
30.965, 2.172, 0.456, 1, 1, 0.  0
29.373, 20.626, 41.480, 1, 1, 1639.999
11.523, 32.673, 105.111, 1, 1, 4000.  0
10.597, 38.476, 147.149, 1, 1, 4000.  0
11.282, 38.717, 148.128, 1, 1, 4000.  0
22.463, 27.536, 75.348, 1, 1, 3000.  0
40.393, 9.606, 9.645, 1, 1, 360.  0
72.305, -8.16404, -5.10807, 0, 1, 200.  0
73.957, -23.46957, -54.108426, 0, 1, 2160.  0
82.500, -32.64500, -103.206648, 0, 1, 4000.  0
82.500, -32.64500, -103.206973, 0, 1, 4000.  0
79. 95, -29.58095, -84.168376, 0, 1, 3359.999
39.668, -9.18472, -8.16525, 0, 1, 319.999
38.721, 11.278, 12.519, 1, 1, 479.999
22.322, 27.677, 75.119, 1, 1, 3000.  0
10.637, 39.362, 154.297, 1, 1, 4000.  0
7.111, 42.888, 181.130, 1, 1, 4000.  0
14.646, 35.353, 124.737, 1, 1, 4000.  0
28.587, 21.412, 45.965, 1, 1, 1799.999
47.485, 2.514, 1.502, 1, 1, 39.999
78.893, -15.30939, -23.46068, 0, 1, 920.  0
80.102, -30.60102, -89.178768, 0, 1, 3559.999
82.500, -32.64500, -103.206785, 0, 1, 4000.  0
82.500, -32.64500, -104.208000, 0, 1, 4000.  0
50.910, -21.42862, -45.90911, 0, 1, 1799.999
31.448, 0.963, 0.  9, 1, 1, 0.  0
29.796, 20.203, 40.618, 1, 1, 1600.  0
10. 12, 32.835, 105.612, 1, 1, 4000.  0
7.514, 44.661, 197.495, 1, 1, 4000.  0
8.219, 41.780, 172.298, 1, 1, 4000.  0
19.340, 30.659, 92.978, 1, 1, 3680.  0
36.928, 13. 71, 17.992, 1, 1, 680.  0
53.489, -3.6489, 0. 81, 0, 1, 0.  0
82. 36, -21.42298, -43.86974, 0, 1, 1720.  0
82.500, -29.58760, -85.170849, 0, 1, 3400.  0
82.500, -32.64500, -103.206870, 0, 1, 4000.  0
82. 97, -32.64097, -102.204710, 0, 1, 4000.  0
63.421, -13.26421, -17.34447, 0, 1, 680.  0
41.501, 8.498, 6.883, 1, 1, 239.999
12.652, 26.489, 69.221, 1, 1, 2759.999
11.302, 38.697, 147.788, 1, 1, 4000.  0
6. 84, 43.915, 189.837, 1, 1, 4000.  0
11.100, 38.899, 148.817, 1, 1, 4000.  0
42.690, 7.309, 6.116, 1, 1, 239.999
59.573, 5.435, 3.717, 1, 1, 119.999
61.446, -11.22446, -11.22706, 0, 1, 439.999
75.347, -25.50347, -62.124737, 0, 1, 2480.  0
82.500, -32.64500, -103.206692, 0, 1, 4000.  0
82.500, -32.64500, -104.208000, 0, 1, 4000.  0
55.382, -26.52053, -67.134738, 0, 1, 2680.  0
53.448, -3.6448, -1.2034, 0, 1, 39.999
33.523, 16.476, 26.526, 1, 1, 1039.999
18.937, 31. 62, 96.768, 1, 1, 3839.999
5.943, 42.908, 181.119, 1, 1, 4000.  0
6.346, 43.653, 188.711, 1, 1, 4000.  0
15.573, 34.426, 118. 50, 1, 1, 4000.  0
50.547, 16.617, 27.587, 1, 1, 1080.  0
52.461, -2.4461, 0.483, 1, 1, 0.  0
69.243, -19.38243, -35.70779, 0, 1, 1399.999
82.298, -32.64298, -102.204895, 0, 1, 4000.  0
82.500, -32.64500, -103.206865, 0, 1, 4000.  0
82.500, -32.64500, -104.208000, 0, 1, 4000.  0
65.979, -15.30979, -23.46969, 0, 1, 920.  0
26.593, 6.382, 3.893, 1, 1, 119.999
14. 62, 24.937, 60.163, 1, 1, 2400.  0
13.981, 36. 18, 130.665, 1, 1, 4000.  0
6.487, 43.512, 188.105, 1, 1, 4000.  0
23.430, 39.  0, 153.100, 1, 1, 4000.  0
25.183, 24.816, 60.560, 1, 1, 2400.  0
42.388, 7.611, 6.328, 1, 1, 239.999
61. 43, -11.22043, -11.22258, 0, 1, 439.999
76.657, -26.52657, -68.136686, 0, 1, 2720.  0
82.500, -32.64500, -103.206702, 0, 1, 4000.  0
78.208, -28.56208, -78.156984, 0, 1, 3119.999
76.496, -26.52496, -68.136890, 0, 1, 2720.  0
55.946, -5.10946, -2.4973, 0, 1, 79.999
36.102, 13.897, 18.205, 1, 1, 720.  0
20.388, 29.611, 86.309, 1, 1, 3440.  0
9.267, 40.732, 163.772, 1, 1, 4000.  0
15.230, 34.769, 119.215, 1, 1, 4000.  0
16.600, 33.399, 111.217, 1, 1, 4000.  0
31.750, 18.249, 33.848, 1, 1, 1320.  0
50.970, 0.970, 0.990, 1, 1, 0.  0
69.928, -19.38928, -37.74073, 0, 1, 1480.  0
82. 76, -32.64076, -102.204175, 0, 1, 4000.  0
82.500, -32.64500, -103.206854, 0, 1, 4000.  0
68.719, -32.64500, -104.208000, 0, 1, 4000.  0
66.826, -16.32826, -26.52921, 0, 1, 1039.999
46.437, 3.562, 1.104, 1, 1, 39.999
17.708, 21.432, 45.257, 1, 1, 1799.999
17.970, 32. 29, 103. 64, 1, 1, 4000.  0
6.467, 43.532, 188.191, 1, 1, 4000.  0
23.833, 37.851, 141. 51, 1, 1, 4000.  0
42. 45, 24.474, 59.738, 1, 1, 2359.999
43.818, 6.181, 4.708, 1, 1, 159.999
60.338, -10.20338, -9.18545, 0, 1, 360.  0
82.500, -25.50851, -64.128094, 0, 1, 2559.999
82.500, -32.64500, -103.206790, 0, 1, 4000.  0
82.500, -32.64500, -104.208000, 0, 1, 4000.  0
79. 34, -29.58034, -84.168200, 0, 1, 3359.999
57.397, -7.14397, -5.10178, 0, 1, 200.  0
22.785, 11.741, 13. 33, 1, 1, 519.999
21.456, 28.543, 80.611, 1, 1, 3200.  0
11.705, 38.294, 146.520, 1, 1, 4000.  0
16.499, 41.538, 171.307, 1, 1, 4000.  0
17.749, 32.250, 104.202, 1, 1, 4000.  0
32.194, 17.805, 31.269, 1, 1, 1240.  0
68.195, -1.2111, 0.877, 1, 1, 0.  0
82.117, -19.38968, -37.74151, 0, 1, 1480.  0
82.500, -32.64117, -102.204307, 0, 1, 4000.  0
82.500, -32.64500, -104.208000, 0, 1, 4000.  0
68.921, -32.64500, -104.208000, 0, 1, 4000.  0
67. 67, -17.34067, -29.58015, 0, 1, 1159.999
46.719, 3.280, 1. 16, 1, 1, 39.999
28.648, 21.351, 45. 84, 1, 1, 1799.999
16.540, 33.459, 110.997, 1, 1, 4000.  0
11.543, 37.871, 141.125, 1, 1, 4000.  0
12.470, 37.529, 139.858, 1, 1, 4000.  0
24.760, 25.239, 64. 99, 1, 1, 2559.999
59.815, 6.785, 5. 71, 1, 1, 200.  0
61.648, -11.22648, -11.22929, 0, 1, 439.999
75.589, -25.50589, -63.126346, 0, 1, 2519.999
82.500, -32.64500, -103.206697, 0, 1, 4000.  0
82.500, -32.64500, -104.208000, 0, 1, 4000.  0
57.800, -27.54443, -74.148096, 0, 1, 2960.  0
55.926, -5.10926, -2.4963, 0, 1, 79.999
36.424, 13.575, 17.783, 1, 1, 680.  0
20.831, 29.168, 85. 16, 1, 1, 3400.  0
9.589, 40.410, 162.472, 1, 1, 4000.  0
7.393, 42.606, 179.946, 1, 1, 4000.  0
15.210, 34.789, 119.283, 1, 1, 4000.  0
31.186, 18.813, 34.863, 1, 1, 1360.  0
50.164, 0.164, 0.998, 1, 1, 0.  0
67. 87, -17.34087, -28.56221, 0, 1, 1120.  0
80.183, -30.60183, -90.180023, 0, 1, 3599.999
82.500, -32.64500, -103.206799, 0, 1, 4000.  0
70.774, -32.64500, -104.208000, 0, 1, 4000.  0
68.981, -18.36981, -34.68167, 0, 1, 1360.  0
48.150, 1.849, 0.221, 1, 1, 0.  0
17.426, 20.908, 42. 62, 1, 1, 1679.999
15.935, 34. 64, 116.404, 1, 1, 4000.  0
8.642, 41.357, 170.564, 1, 1, 4000.  0
20.186, 40.813, 164.252, 1, 1, 4000.  0
38.338, 28.161, 79.851, 1, 1, 3160.  0
40.272, 9.727, 9.754, 1, 1, 360.  0
56.994, -6.12994, -3.6266, 0, 1, 119.999
73.131, -23.46131, -52.104735, 0, 1, 2079.999
82.500, -32.64500, -103.206857, 0, 1, 4000.  0
82.500, -32.64500, -104.208000, 0, 1, 4000.  0
80.404, -30.60404, -91.182214, 0, 1, 3640.  0
60.641, -10.20641, -10.20641, 0, 1, 400.  0
22. 40, 11.479, 12.742, 1, 1, 479.999
20.791, 29.208, 85.112, 1, 1, 3400.  0
5.580, 40.  7, 160.836, 1, 1, 4000.  0
5.701, 44.298, 195.913, 1, 1, 4000.  0
12.873, 37.126, 138.367, 1, 1, 4000.  0
46. 95, 21.291, 45.711, 1, 1, 1799.999
47.565, 2.434, 1.486, 1, 1, 39.999
65.133, -15.30133, -21.42851, 0, 1, 839.999
82.500, -29.58921, -86.172222, 0, 1, 3440.  0
82.500, -32.64500, -103.206775, 0, 1, 4000.  0
73.272, -23.46272, -53.106527, 0, 1, 2119.999
71.560, -21.42560, -45.90276, 0, 1, 1799.999
50.346, 0.346, 0.  0, 1, 1, 0.  0
30.763, 19.236, 36.741, 1, 1, 1440.  0
18.252, 31.747, 98.926, 1, 1, 3920.  0
8.300, 41.699, 171.895, 1, 1, 4000.  0
7.554, 42.445, 179.269, 1, 1, 4000.  0
34.128, 15.871, 24.807, 1, 1, 959.999
36.344, 13.655, 18.752, 1, 1, 720.  0
52.421, -2.4421, 0.491, 1, 1, 0.  0
81.915, -18.36780, -33.66204, 0, 1, 1320.  0
82.500, -30.60666, -91.182999, 0, 1, 3640.  0
82.500, -32.64500, -104.208000, 0, 1, 4000.  0
82.500, -32.64500, -104.208000, 0, 1, 4000.  0
45.994, -16.32221, -25.50954, 0, 1, 1000.  0
27.761, 5.677, 2.895, 1, 1, 79.999
26.210, 23.789, 55. 10, 1, 1, 2200.  0
15.996, 34.  3, 116.587, 1, 1, 4000.  0
7.373, 42.626, 180. 30, 1, 1, 4000.  0
10.919, 39. 80, 153.414, 1, 1, 4000.  0
22.886, 27.113, 74.206, 1, 1, 2960.  0
41.280, 8.719, 7.975, 1, 1, 280.  0
59.915, -9.18915, -8.16023, 0, 1, 319.999
75.388, -25.50388, -63.126077, 0, 1, 2519.999
82.500, -32.64500, -103.206931, 0, 1, 4000.  0
82.500, -32.64500, -104.208000, 0, 1, 4000.  0
78.551, -28.56551, -79.158943, 0, 1, 3160.  0
38.761, 11.238, 12.474, 1, 1, 479.999
37.  9, 12.990, 15.831, 1, 1, 600.  0
21.113, 28.886, 81.413, 1, 1, 3240.  0
12.793, 37.206, 138.568, 1, 1, 4000.  0
8.844, 41.155, 169.738, 1, 1, 4000.  0
31.710, 32.492, 104.976, 1, 1, 4000.  0
33.564, 16.435, 27.297, 1, 1, 1080.  0
49.862, 0.137, 1.  0, 1, 1, 39.999
79.518, -29.58518, -85.170073, 0, 1, 3400.  0
79.941, -29.58941, -86.172600, 0, 1, 3440.  0
82.500, -32.64500, -104.208000, 0, 1, 4000.  0
67.148, -32.64500, -104.208000, 0, 1, 4000.  0
65.476, -15.30476, -23.46214, 0, 1, 920.  0
46.719, 3.280, 1. 16, 1, 1, 39.999
19.320, 30.679, 92.580, 1, 1, 3680.  0
11.402, 31.243, 97.855, 1, 1, 3880.  0
11.100, 38.899, 148.817, 1, 1, 4000.  0
14.606, 35.393, 124.878, 1, 1, 4000.  0
41.844, 23.527, 55.113, 1, 1, 2200.  0
43.637, 6.362, 4.817, 1, 1, 159.999
59.170, -9.18170, -7.14345, 0, 1, 280.  0
82.500, -23.46776, -54.108253, 0, 1, 2160.  0
82.500, -32.64500, -103.206892, 0, 1, 4000.  0
82.500, -32.64500, -104.208000, 0, 1, 4000.  0
77.826, -27.54826, -75.150130, 0, 1, 3000.  0
56.470, -6.12470, -3.6882, 0, 1, 119.999
37.492, 12.507, 15.133, 1, 1, 600.  0
12.672, 27.838, 75.846, 1, 1, 3000.  0
11.221, 38.778, 148.357, 1, 1, 4000.  0
8.763, 41.236, 170. 68, 1, 1, 4000.  0
32.173, 17.826, 31.304, 1, 1, 1240.  0
34. 27, 15.972, 24.958, 1, 1, 959.999
68.175, -1.2514, 0.833, 1, 1, 0.  0
70. 29, -20.40029, -39.78274, 0, 1, 1559.999
82. 76, -32.64076, -102.204182, 0, 1, 4000.  0
82.500, -32.64500, -103.206861, 0, 1, 4000.  0
82.500, -32.64500, -104.208000, 0, 1, 4000.  0
67.531, -17.34531, -29.58802, 0, 1, 1159.999
45.349, 4.650, 1.906, 1, 1, 39.999
16.520, 22.721, 50.261, 1, 1, 2000.  0
16.620, 33.379, 110.758, 1, 1, 4000.  0
8.683, 41.316, 170.399, 1, 1, 4000.  0
11.785, 38.214, 146.214, 1, 1, 4000.  0
41.985, 24.716, 60.318, 1, 1, 2400.  0
43.879, 6.120, 4.672, 1, 1, 159.999
60.479, -10.20479, -9.18689, 0, 1, 360.  0
82.500, -26.52153, -67.134471, 0, 1, 2680.  0
82.500, -32.64500, -103.206796, 0, 1, 4000.  0
82.500, -32.64500, -104.208000, 0, 1, 4000.  0
78.410, -28.56410, -79.158548, 0, 1, 3160.  0
56.228, -6.12228, -3.6737, 0, 1, 119.999
36.706, 13.293, 17.413, 1, 1, 680.  0
20.871, 29.128, 84.896, 1, 1, 3359.999
8.663, 41.336, 170.319, 1, 1, 4000.  0
7. 91, 42.908, 181.215, 1, 1, 4000.  0
30.602, 34.164, 117.160, 1, 1, 4000.  0
32.536, 17.463, 30.687, 1, 1, 1200.  0
49.862, 0.137, 1.  0, 1, 1, 39.999
81.371, -18.36820, -33.66065, 0, 1, 1320.  0
82.500, -31.62976, -98.196634, 0, 1, 3920.  0
82.500, -32.64500, -104.208000, 0, 1, 4000.  0
69.948, -32.64500, -104.208000, 0, 1, 4000.  0
68.175, -18.36175, -32.64716, 0, 1, 1279.999
47.304, 2.695, 0.566, 1, 1, 0.  0
16.983, 21.694, 45.801, 1, 1, 1799.999
14.424, 35.575, 125.112, 1, 1, 4000.  0
9.589, 40.410, 162.641, 1, 1, 4000.  0
21. 93, 40.390, 162.560, 1, 1, 4000.  0
22.725, 27.274, 74.641, 1, 1, 2960.  0
39.366, 10.633, 11.633, 1, 1, 439.999
57.901, -7.14901, -4.8609, 0, 1, 159.999
73.836, -23.46836, -54.108142, 0, 1, 2160.  0
82.500, -32.64500, -103.206967, 0, 1, 4000.  0
82.500, -32.64500, -104.208000, 0, 1, 4000.  0
80.586, -30.60586, -91.182758, 0, 1, 3640.  0
58.928, -8.16928, -7.14142, 0, 1, 280.  0
39.  3, 10.996, 11.106, 1, 1, 439.999
22.564, 27.435, 74.461, 1, 1, 2960.  0
5.983, 40.  7, 161. 29, 1, 1, 4000.  0
6. 64, 43.935, 189.924, 1, 1, 4000.  0
26.915, 23. 84, 54. 93, 1, 1, 2160.  0
28.749, 21.250, 45.626, 1, 1, 1799.999
46.195, 3.804, 2.141, 1, 1, 79.999
65.274, -15.30274, -22.44064, 0, 1, 879.999
78.410, -28.56410, -78.156985, 0, 1, 3119.999
82.500, -32.64500, -104.208000, 0, 1, 4000.  0
82.500, -32.64500, -104.208000, 0, 1, 4000.  0
52.804, -23.46615, -54.108315, 0, 1, 2160.  0
50.990, 0.990, 0.  0, 1, 1, 0.  0
19.521, 18.410, 33.506, 1, 1, 1320.  0
16.842, 33.157, 110.419, 1, 1, 4000.  0
7.836, 42.163, 178. 84, 1, 1, 4000.  0
17.950, 41.619, 171.638, 1, 1, 4000.  0
19.542, 30.457, 92.373, 1, 1, 3680.  0
35. 14, 14.985, 21.979, 1, 1, 839.999
53.730, -3.6730, 0.156, 0, 1, 0.  0
70. 89, -20.40089, -39.78417, 0, 1, 1559.999
82.479, -32.64479, -103.206498, 0, 1, 4000.  0
82.500, -32.64500, -103.206888, 0, 1, 4000.  0
82.439, -32.64439, -103.206806, 0, 1, 4000.  0
44.886, -14.28468, -20.40256, 0, 1, 800.  0
27.197, 6.765, 4.194, 1, 1, 159.999
25.727, 24.272, 58.632, 1, 1, 2319.999
16.217, 33.782, 112.196, 1, 1, 4000.  0
9. 25, 40.974, 164.897, 1, 1, 4000.  0
13.739, 36.260, 131.536, 1, 1, 4000.  0
25.666, 24.333, 59.400, 1, 1, 2359.999
43.798, 6.201, 4.720, 1, 1, 159.999
74.804, -24.48804, -58.116893, 0, 1, 2319.999
76.315, -26.52315, -68.136046, 0, 1, 2720.  0
82.500, -32.64500, -103.206952, 0, 1, 4000.  0
82.500, -32.64500, -104.208000, 0, 1, 4000.  0
49.943, -17.34672, -30.60042, 0, 1, 1200.  0
34.128, 1.527, 0.183, 1, 1, 0.  0
32.798, 17.201, 29.617, 1, 1, 1159.999
15.935, 26.408, 69.564, 1, 1, 2759.999
18.595, 31.404, 98.354, 1, 1, 3920.  0
25.344, 33.600, 111.882, 1, 1, 4000.  0
40.736, 23.164, 54.279, 1, 1, 2160.  0
42.327, 7.672, 6.370, 1, 1, 239.999
57. 34, -7.14034, -3.6994, 0, 1, 119.999
71.479, -21.42479, -44.88392, 0, 1, 1759.999
82.459, -32.64459, -103.206480, 0, 1, 4000.  0
80.606, -30.60606, -91.182818, 0, 1, 3640.  0
79.276, -29.58276, -84.168902, 0, 1, 3359.999
61.326, -11.22326, -12.24458, 0, 1, 479.999
43.254, 6.745, 4.114, 1, 1, 159.999
27.419, 22.580, 49.970, 1, 1, 1960.  0
17.970, 32. 29, 103.107, 1, 1, 4000.  0
12.369, 37.630, 140.220, 1, 1, 4000.  0
17.467, 32.532, 105.105, 1, 1, 4000.  0
31.549, 18.450, 34.210, 1, 1, 1360.  0
65.294, 0.862, 1.  0, 1, 1, 39.999
79.719, -17.34128, -28.56460, 0, 1, 1120.  0
82.500, -30.60888, -92.184625, 0, 1, 3680.  0
82.500, -32.64500, -104.208000, 0, 1, 4000.  0
82.500, -32.64500, -104.208000, 0, 1, 4000.  0
53.670, -23.46313, -53.106620, 0, 1, 2119.999
52. 78, -2.4078, 0.415, 0, 1, 0.  0
34.873, 15.126, 22.840, 1, 1, 879.999
21.939, 28. 60, 79.  1, 1, 1, 3160.  0
14.888, 35.111, 123.674, 1, 1, 4000.  0
23.873, 35. 51, 123.679, 1, 1, 4000.  0
25.304, 24.695, 60.270, 1, 1, 2400.  0
40. 71, 9.928, 9.935, 1, 1, 360.  0
58.102, -8.16102, -5.10563, 0, 1, 200.  0
74.360, -24.48360, -57.114790, 0, 1, 2279.999
82.500, -32.64500, -103.206649, 0, 1, 4000.  0
82.500, -32.64500, -103.206974, 0, 1, 4000.  0
65.375, -32.64500, -104.208000, 0, 1, 4000.  0
63.501, -13.26501, -17.34552, 0, 1, 680.  0
44.382, 5.617, 2.864, 1, 1, 79.999
18.877, 22. 36, 48.757, 1, 1, 1919.999
16.761, 33.238, 110.294, 1, 1, 4000.  0
12.974, 37. 25, 137.974, 1, 1, 4000.  0
18.454, 31.545, 98.791, 1, 1, 3920.  0
49.580, 16.879, 28.  6, 1, 1, 1120.  0
51.434, -1.2434, 0.842, 1, 1, 0.  0
68.276, -18.36276, -32.64277, 0, 1, 1279.999
82.217, -32.64217, -103.206097, 0, 1, 4000.  0
82.500, -32.64500, -104.208000, 0, 1, 4000.  0
82.500, -32.64500, -104.208000, 0, 1, 4000.  0
52.260, -2.4260, 0.452, 0, 1, 0.  0
50.587, 0.587, 0.  0, 1, 1, 0.  0
38.117, 11.882, 13.189, 1, 1, 519.999
26.351, 23.648, 54.746, 1, 1, 2160.  0
17.708, 32.291, 104. 10, 1, 1, 4000.  0
24.619, 33.379, 111.151, 1, 1, 4000.  0
40. 51, 24. 51, 58.723, 1, 1, 2319.999
41.763, 8.236, 7.589, 1, 1, 280.  0
57.457, -7.14457, -4.8295, 0, 1, 159.999
73. 51, -23.46051, -52.104323, 0, 1, 2079.999
82.500, -32.64500, -103.206630, 0, 1, 4000.  0
82.500, -32.64500, -103.206955, 0, 1, 4000.  0
63.501, -31.62653, -98.196126, 0, 1, 3920.  0
61.648, -11.22648, -12.24813, 0, 1, 479.999
29.232, 20.767, 41.807, 1, 1, 1639.999
28.104, 21.895, 46.472, 1, 1, 1840.  0
21.677, 28.322, 80. 77, 1, 1, 3200.  0
18.232, 31.767, 99.478, 1, 1, 3960.  0
26.472, 23.527, 55.113, 1, 1, 2200.  0
55.282, 8.538, 7.830, 1, 1, 280.  0
69.586, -7.14054, -4.8009, 0, 1, 159.999
81.573, -20.40976, -41.82232, 0, 1, 1639.999
82.137, -31.62794, -98.196162, 0, 1, 3920.  0
82.500, -32.64500, -103.206923, 0, 1, 4000.  0
79.377, -29.58377, -85.170194, 0, 1, 3400.  0
62. 71, -12.24071, -14.28485, 0, 1, 560.  0
30.340, 6.644, 4. 53, 1, 1, 159.999
29.252, 20.747, 41.768, 1, 1, 1639.999
21.556, 28.443, 80.199, 1, 1, 3200.  0
21.516, 30.336, 91.872, 1, 1, 3640.  0
22.543, 27.456, 75.131, 1, 1, 3000.  0
34.712, 15.287, 23.931, 1, 1, 920.  0
50.890, 0.890, 0.991, 1, 1, 0.  0
77.826, -27.54826, -74.148579, 0, 1, 2960.  0
79. 34, -29.58034, -83.166940, 0, 1, 3319.999
82.500, -32.64500, -104.208000, 0, 1, 4000.  0
68. 34, -32.64479, -103.206935, 0, 1, 4000.  0
66.362, -16.32362, -26.52180, 0, 1, 1039.999
49. 36, 0.963, 0.  9, 1, 1, 0.  0
25.465, 24.534, 59.294, 1, 1, 2359.999
18.454, 24.957, 60.809, 1, 1, 2400.  0
18.212, 31.787, 99.541, 1, 1, 3960.  0
31.851, 28.342, 80.358, 1, 1, 3200.  0
33.241, 16.758, 27.813, 1, 1, 1080.  0
46.457, 3.542, 2. 62, 1, 1, 79.999
72.628, -11.22245, -11.22594, 0, 1, 439.999
73.655, -23.46655, -53.106869, 0, 1, 2119.999
82.500, -31.62412, -97.194377, 0, 1, 3880.  0
82.500, -32.64500, -104.208000, 0, 1, 4000.  0
72.406, -22.44406, -49.98294, 0, 1, 1960.  0
54.959, -4.8959, -1.2983, 0, 1, 39.999
38.761, 11.238, 12.474, 1, 1, 479.999
25.888, 24.111, 58.221, 1, 1, 2319.999
17. 23, 32.976, 106.207, 1, 1, 4000.  0
15.412, 34.587, 118.598, 1, 1, 4000.  0
36.706, 26.408, 69.661, 1, 1, 2759.999
38.318, 11.681, 13.849, 1, 1, 519.999
68.135, -3.6106, 0. 37, 1, 1, 0.  0
69.767, -19.38767, -36.72786, 0, 1, 1440.  0
82.500, -30.60666, -91.182535, 0, 1, 3640.  0
82.500, -32.64500, -103.206860, 0, 1, 4000.  0
65.778, -32.64298, -103.206355, 0, 1, 4000.  0
63.965, -13.26965, -18.36154, 0, 1, 720.  0
29.998, 4.891, 2.  5, 1, 1, 79.999
28.668, 21.331, 45. 58, 1, 1, 1799.999
18.978, 31. 21, 96.740, 1, 1, 3839.999
15. 89, 38.214, 146.168, 1, 1, 4000.  0
15.956, 34. 43, 116.749, 1, 1, 4000.  0
28.225, 21.774, 46.726, 1, 1, 1840.  0
45.772, 4.227, 2.690, 1, 1, 79.999
63.542, -13.26542, -16.32740, 0, 1, 639.999
76.778, -26.52778, -69.138027, 0, 1, 2759.999
82.500, -32.64500, -103.206728, 0, 1, 4000.  0
82.500, -32.64500, -104.208000, 0, 1, 4000.  0
54.798, -24.48642, -59.118142, 0, 1, 2359.999
53. 45, -3.6045, 0.913, 0, 1, 0.  0
34.954, 15. 45, 22.869, 1, 1, 879.999
23.450, 26.549, 69.594, 1, 1, 2759.999
12.349, 37.650, 140.248, 1, 1, 4000.  0
20.307, 38.375, 146.826, 1, 1, 4000.  0
36.545, 28.302, 80.246, 1, 1, 3200.  0
38.399, 11.600, 13.760, 1, 1, 519.999
54.254, -4.8254, 0.744, 0, 1, 0.  0
70. 29, -20.40029, -39.78301, 0, 1, 1559.999
82.399, -32.64399, -103.206244, 0, 1, 4000.  0
82.500, -32.64500, -103.206891, 0, 1, 4000.  0
82.399, -32.64399, -103.206677, 0, 1, 4000.  0
64.750, -14.28750, -20.40651, 0, 1, 800.  0
43.133, 6.866, 4.257, 1, 1, 159.999
15.271, 24.595, 59.411, 1, 1, 2359.999
14.686, 35.313, 124.332, 1, 1, 4000.  0
8.945, 41. 54, 169.325, 1, 1, 4000.  0
27.540, 35.514, 125.301, 1, 1, 4000.  0
46.397, 20.727, 42.454, 1, 1, 1679.999
48.150, 1.849, 1.184, 1, 1, 39.999
64.831, -14.28831, -19.38912, 0, 1, 759.999
82.500, -29.58699, -85.170574, 0, 1, 3400.  0
82.500, -32.64500, -103.206770, 0, 1, 4000.  0
74.179, -32.64500, -104.208000, 0, 1, 4000.  0
72. 84, -22.44084, -48.96585, 0, 1, 1919.999
51.252, -1.2252, 0.125, 0, 1, 0.  0
32. 93, 17.906, 30.620, 1, 1, 1200.  0
8.521, 31.847, 99.226, 1, 1, 3960.  0
8.219, 41.780, 172.214, 1, 1, 4000.  0
8.844, 41.155, 169.738, 1, 1, 4000.  0
18.353, 31.646, 99.104, 1, 1, 3960.  0
52.642, 14.239, 20.935, 1, 1, 800.  0
54.456, -4.8456, 0.826, 0, 1, 0.  0
70.875, -20.40875, -41.82004, 0, 1, 1639.999
82.500, -32.64500, -103.206578, 0, 1, 4000.  0
82.500, -32.64500, -103.206903, 0, 1, 4000.  0
82.358, -32.64358, -103.206548, 0, 1, 4000.  0
43.234, -13.26642, -17.34735, 0, 1, 680.  0
41.521, 8.478, 6.867, 1, 1, 239.999
24.941, 25. 58, 62.981, 1, 1, 2480.  0
13.336, 36.663, 132.688, 1, 1, 4000.  0
11.503, 43.190, 186.719, 1, 1, 4000.  0
25.787, 24.212, 59.109, 1, 1, 2359.999
27.540, 22.459, 50.411, 1, 1, 2000.  0
44.503, 5.496, 3.748, 1, 1, 119.999
76.395, -12.24857, -14.28557, 0, 1, 560.  0
77.745, -27.54745, -74.148318, 0, 1, 2960.  0
81.190, -31.62190, -96.192408, 0, 1, 3839.999
82.500, -32.64500, -104.208000, 0, 1, 4000.  0
54.415, -24.48965, -59.118916, 0, 1, 2359.999
52.582, -2.4582, 0.516, 0, 1, 0.  0
33.141, 16.858, 27.142, 1, 1, 1080.  0
18.756, 31.243, 97.336, 1, 1, 3880.  0
9.126, 40.873, 164.384, 1, 1, 4000.  0
16.157, 42.384, 179. 15, 1, 1, 4000.  0
17.587, 32.412, 104.718, 1, 1, 4000.  0
32.778, 17.221, 30.276, 1, 1, 1200.  0
51.252, -1.2252, 0.862, 1, 1, 0.  0
69.304, -19.38304, -35.70883, 0, 1, 1399.999
81.573, -31.62573, -97.194398, 0, 1, 3880.  0
82.500, -32.64500, -104.208000, 0, 1, 4000.  0
65.919, -32.64500, -104.208000, 0, 1, 4000.  0
64.106, -14.28106, -19.38748, 0, 1, 759.999
44.261, 5.738, 2.926, 1, 1, 79.999
15.835, 23.668, 54.731, 1, 1, 2160.  0
14.304, 35.695, 125.586, 1, 1, 4000.  0
7.635, 42.364, 178.930, 1, 1, 4000.  0
23. 67, 38.798, 148.434, 1, 1, 4000.  0
41.280, 25.219, 64. 49, 1, 1, 2559.999
43.194, 6.805, 5. 83, 1, 1, 200.  0
59.351, -9.18351, -7.14509, 0, 1, 280.  0
74.703, -24.48703, -58.116628, 0, 1, 2319.999
82.500, -32.64500, -103.206665, 0, 1, 4000.  0
82.500, -32.64500, -103.206990, 0, 1, 4000.  0
57. 75, -27.54322, -73.146770, 0, 1, 2920.  0
55.100, -5.10100, -2.4550, 0, 1, 79.999
35.417, 14.582, 20.561, 1, 1, 800.  0
19.542, 30.457, 91.824, 1, 1, 3640.  0
9.428, 40.571, 163.141, 1, 1, 4000.  0
6.688, 43.311, 187.238, 1, 1, 4000.  0
14.787, 35.212, 124.243, 1, 1, 4000.  0
31.247, 18.752, 34.754, 1, 1, 1360.  0
50.164, 0.164, 0.998, 1, 1, 0.  0
66.967, -16.32967, -26.52318, 0, 1, 1039.999
80.364, -30.60364, -90.180568, 0, 1, 3599.999
82.500, -32.64500, -103.206799, 0, 1, 4000.  0
70.492, -20.40492, -40.80985, 0, 1, 1600.  0
68.598, -18.36598, -33.66478, 0, 1, 1320.  0
47.807, 2.192, 0.482, 1, 1, 0.  0
29. 51, 20.948, 42.150, 1, 1, 1679.999
17.164, 32.835, 105.982, 1, 1, 4000.  0
8.481, 40.954, 164.816, 1, 1, 4000.  0
9.247, 40.752, 164. 10, 1, 1, 4000.  0
20. 45, 29.954, 87.867, 1, 1, 3480.  0
54.778, -4.8778, 0.959, 0, 1, 0.  0
56.571, -6.12571, -3.6056, 0, 1, 119.999
82.500, -21.42097, -43.86628, 0, 1, 1720.  0
82.500, -32.64500, -103.206649, 0, 1, 4000.  0
82.500, -32.64500, -103.206974, 0, 1, 4000.  0
60.822, -29.58961, -86.172888, 0, 1, 3440.  0
58.868, -8.16868, -7.14094, 0, 1, 280.  0
39.386, 10.613, 10.825, 1, 1, 400.  0
12.772, 26.569, 69.558, 1, 1, 2759.999
11.302, 38.697, 147.916, 1, 1, 4000.  0
7.152, 42.847, 180.961, 1, 1, 4000.  0
27.741, 35.937, 126.782, 1, 1, 4000.  0
46.739, 3.260, 1.978, 1, 1, 39.999
48.573, 1.426, 1.142, 1, 1, 39.999
63.380, -13.26380, -16.32529, 0, 1, 639.999
82.500, -28.56772, -79.158985, 0, 1, 3160.  0
82.500, -32.64500, -103.206746, 0, 1, 4000.  0
82.500, -32.64500, -104.208000, 0, 1, 4000.  0
74. 38, -24.48038, -57.114692, 0, 1, 2279.999
51.655, -1.2655, 0.165, 0, 1, 0.  0
32. 93, 17.906, 30.620, 1, 1, 1200.  0
8. 78, 31.545, 98.286, 1, 1, 3920.  0
8.260, 41.739, 172. 45, 1, 1, 4000.  0
16.358, 42.747, 180.538, 1, 1, 4000.  0
33.564, 32.230, 104.138, 1, 1, 4000.  0
35.538, 14.461, 21.246, 1, 1, 839.999
52.461, -2.4461, 0.483, 1, 1, 0.  0
82.258, -20.40915, -41.82065, 0, 1, 1639.999
82.500, -32.64459, -103.206429, 0, 1, 4000.  0
82.500, -32.64500, -103.206883, 0, 1, 4000.  0
82.500, -32.64500, -104.208000, 0, 1, 4000.  0
63.501, -13.26501, -17.34552, 0, 1, 680.  0
43. 53, 6.946, 4.237, 1, 1, 159.999
24.558, 25.441, 63.927, 1, 1, 2519.999
6. 84, 43.915, 189.837, 1, 1, 4000.  0
5.902, 44. 97, 195. 27, 1, 1, 4000.  0
10.697, 39.302, 154.278, 1, 1, 4000.  0
42.206, 7.793, 6.455, 1, 1, 239.999
59. 29, 5.899, 3.949, 1, 1, 119.999
74.945, -10.20862, -10.20079, 0, 1, 400.  0
76.153, -26.52153, -67.134478, 0, 1, 2680.  0
82.500, -32.64500, -103.206803, 0, 1, 4000.  0
82.500, -32.64500, -104.208000, 0, 1, 4000.  0
56.551, -26.52818, -69.138728, 0, 1, 2759.999
54.556, -4.8556, -1.2822, 0, 1, 39.999
34.853, 15.146, 22.871, 1, 1, 879.999
20.489, 29.510, 86. 28, 1, 1, 3440.  0
9.831, 40.168, 161.522, 1, 1, 4000.  0
6.487, 43.512, 188.105, 1, 1, 4000.  0
30.159, 34.567, 118.530, 1, 1, 4000.  0
49.117, 17.906, 31.441, 1, 1, 1240.  0
50.970, 0.970, 0.990, 1, 1, 0.  0
79.880, -17.34551, -29.58022, 0, 1, 1159.999
82.379, -31.62774, -98.196004, 0, 1, 3920.  0
82.500, -32.64500, -103.206827, 0, 1, 4000.  0
68.981, -32.64500, -104.208000, 0, 1, 4000.  0
67.108, -17.34108, -29.58083, 0, 1, 1159.999
46.961, 3. 38, 0.941, 1, 1, 0.  0
28.890, 21.109, 44.572, 1, 1, 1759.999
17.547, 32.452, 104.413, 1, 1, 4000.  0
7.937, 42. 62, 177.648, 1, 1, 4000.  0
10.979, 39. 20, 153.178, 1, 1, 4000.  0
22.241, 27.758, 75.947, 1, 1, 3000.  0
39.970, 10. 29, 11. 29, 1, 1, 439.999
57.941, -7.14941, -4.8638, 0, 1, 159.999
73.393, -23.46393, -53.106119, 0, 1, 2119.999
82.500, -32.64500, -103.206638, 0, 1, 4000.  0
82.500, -32.64500, -104.208000, 0, 1, 4000.  0
59.  9, -28.56974, -81.162128, 0, 1, 3240.  0
57.336, -7.14336, -5.10135, 0, 1, 200.  0
21.838, 12.285, 14.988, 1, 1, 560.  0
11.906, 29.893, 87.236, 1, 1, 3480.  0
10.335, 39.664, 155.634, 1, 1, 4000.  0
6.890, 43.109, 186.372, 1, 1, 4000.  0
28.970, 35.333, 124.666, 1, 1, 4000.  0
48. 29, 19.195, 37.472, 1, 1, 1480.  0
49.902, 0. 97, 1.  0, 1, 1, 39.999
66.866, -16.32866, -26.52323, 0, 1, 1039.999
81.250, -31.62250, -96.192840, 0, 1, 3839.999
82.500, -32.64500, -104.208000, 0, 1, 4000.  0
72.205, -32.64500, -104.208000, 0, 1, 4000.  0
70.371, -20.40371, -40.80743, 0, 1, 1600.  0
49.278, 0.721, 0.  7, 1, 1, 0.  0
18. 31, 31.968, 99.627, 1, 1, 3960.  0
8. 98, 33.520, 111.616, 1, 1, 4000.  0
7.675, 42.324, 178.761, 1, 1, 4000.  0
10.113, 39.886, 156.557, 1, 1, 4000.  0
38. 16, 29.551, 86.698, 1, 1, 3440.  0
39.809, 10.190, 11.190, 1, 1, 439.999
55.866, -5.10866, -1.2991, 0, 1, 39.999
71.923, -21.42923, -45.90316, 0, 1, 1799.999
82.500, -32.64500, -103.206602, 0, 1, 4000.  0
82.379, -32.64500, -103.206927, 0, 1, 4000.  0
81.432, -31.62432, -97.194439, 0, 1, 3880.  0
41.481, -11.22970, -13.26167, 0, 1, 519.999
39.749, 10.250, 10.353, 1, 1, 400.  0
12.148, 26.851, 70.185, 1, 1, 2799.999
10.556, 39.443, 154.594, 1, 1, 4000.  0
5.983, 44. 16, 194.672, 1, 1, 4000.  0
12.510, 37.489, 139.709, 1, 1, 4000.  0
45.551, 21.915, 47. 23, 1, 1, 1879.999
47.424, 2.575, 1.515, 1, 1, 39.999
64.589, -14.28589, -19.38571, 0, 1, 759.999
82.500, -29.58780, -85.170806, 0, 1, 3400.  0
82.500, -32.64500, -103.206768, 0, 1, 4000.  0
74.663, -32.64500, -104.208000, 0, 1, 4000.  0
72.708, -22.44708, -49.98959, 0, 1, 1960.  0
51.212, -1.2212, 0.121, 0, 1, 0.  0
31.509, 18.490, 33.468, 1, 1, 1320.  0
9. 65, 33.217, 110.136, 1, 1, 4000.  0
5.399, 44.600, 197.206, 1, 1, 4000.  0
7. 10, 42.989, 181.553, 1, 1, 4000.  0
18.413, 31.586, 98.916, 1, 1, 3920.  0
34.652, 15.347, 24. 21, 1, 1, 959.999
53.670, -3.6670, 0.137, 0, 1, 0.  0
70.250, -20.40250, -39.78741, 0, 1, 1559.999
82.500, -32.64500, -103.206564, 0, 1, 4000.  0
82.500, -32.64500, -103.206889, 0, 1, 4000.  0
82.500, -32.64500, -104.208000, 0, 1, 4000.  0
64.690, -14.28690, -20.40566, 0, 1, 800.  0
25.263, 7.833, 5.561, 1, 1, 200.  0
13.336, 26.267, 68.636, 1, 1, 2720.  0
10.959, 39. 40, 152.988, 1, 1, 4000.  0
5.620, 44.379, 196.268, 1, 1, 4000.  0
22.967, 39.624, 155.535, 1, 1, 4000.  0
41.844, 8.155, 7.524, 1, 1, 280.  0
43.717, 6.282, 4.769, 1, 1, 159.999
58.525, -8.16525, -5.10905, 0, 1, 200.  0
82.500, -24.48723, -58.116668, 0, 1, 2319.999
82.439, -32.64439, -103.206463, 0, 1, 4000.  0
82.500, -32.64500, -103.206981, 0, 1, 4000.  0
78.652, -28.56652, -80.160225, 0, 1, 3200.  0
56.692, -6.12692, -4.8015, 0, 1, 159.999
36.364, 13.635, 17.862, 1, 1, 680.  0
9.468, 30.256, 91.208, 1, 1, 3640.  0
7.695, 42.304, 178.538, 1, 1, 4000.  0
11.201, 38.798, 148.434, 1, 1, 4000.  0
27.318, 37.227, 138.740, 1, 1, 4000.  0
29.353, 20.646, 42.293, 1, 1, 1679.999
47.183, 2.816, 1.563, 1, 1, 39.999
79.780, -16.32644, -25.50797, 0, 1, 1000.  0
82.500, -31.62412, -96.192858, 0, 1, 3839.999
82.500, -32.64500, -103.206805, 0, 1, 4000.  0
72.326, -32.64500, -104.208000, 0, 1, 4000.  0
70.452, -20.40452, -40.80904, 0, 1, 1600.  0
49.177, 0.822, 0.  8, 1, 1, 0.  0
29.695, 20.304, 40.819, 1, 1, 1600.  0
17.124, 32.875, 105.741, 1, 1, 4000.  0
7.937, 42. 62, 177.622, 1, 1, 4000.  0
17.648, 42.706, 180.369, 1, 1, 4000.  0
19.239, 30.760, 93.280, 1, 1, 3720.  0
35.619, 14.380, 21.133, 1, 1, 839.999
54.113, -4.8113, 0.686, 0, 1, 0.  0
70.311, -20.40311, -39.78866, 0, 1, 1559.999
82.419, -32.64419, -103.206310, 0, 1, 4000.  0
82.500, -32.64500, -104.208000, 0, 1, 4000.  0
82.358, -32.64358, -103.206548, 0, 1, 4000.  0
63.904, -13.26904, -18.36076, 0, 1, 720.  0
25.344, 8.216, 6.655, 1, 1, 239.999
13.659, 36.340, 131.534, 1, 1, 4000.  0
6.265, 37.549, 139.932, 1, 1, 4000.  0
6.184, 43.815, 189.404, 1, 1, 4000.  0
23.954, 26. 45, 68.719, 1, 1, 2720.  0
25.686, 24.313, 59.351, 1, 1, 2359.999
42.730, 7.269, 6. 88, 1, 1, 239.999
75.730, -11.22527, -11.22795, 0, 1, 439.999
82.500, -27.54322, -73.146158, 0, 1, 2920.  0
82.500, -32.64500, -103.206713, 0, 1, 4000.  0
82.500, -32.64500, -104.208000, 0, 1, 4000.  0
78. 87, -28.56087, -78.156646, 0, 1, 3119.999
55.201, -5.10201, -2.4600, 0, 1, 79.999
34.934, 15. 65, 22.749, 1, 1, 879.999
8.501, 31.384, 98. 70, 1, 1, 3920.  0
6.487, 43.512, 188.105, 1, 1, 4000.  0
5.520, 44.479, 196.711, 1, 1, 4000.  0
13.961, 36. 38, 130.738, 1, 1, 4000.  0
31.247, 18.752, 34.754, 1, 1, 1360.  0
50.990, 0.990, 0.990, 1, 1, 0.  0
68.538, -18.36538, -32.64564, 0, 1, 1279.999
82.439, -32.64439, -103.206326, 0, 1, 4000.  0
82.500, -32.64500, -103.206844, 0, 1, 4000.  0
82.500, -32.64500, -104.208000, 0, 1, 4000.  0
69.727, -19.38727, -37.74481, 0, 1, 1480.  0
48.291, 1.708, 0.187, 1, 1, 0.  0
29. 71, 20.928, 42. 83, 1, 1, 1679.999
5.137, 33.338, 110.577, 1, 1, 4000.  0
6.608, 43.391, 187.579, 1, 1, 4000.  0
19.703, 41.417, 170.812, 1, 1, 4000.  0
38.177, 28.584, 81. 35, 1, 1, 3240.  0
40. 91, 9.908, 9.917, 1, 1, 360.  0
57.115, -7.14115, -4.8051, 0, 1, 159.999
73.575, -23.46575, -53.106529, 0, 1, 2119.999
82.500, -32.64500, -103.206631, 0, 1, 4000.  0
82.500, -32.64500, -104.208000, 0, 1, 4000.  0
81.331, -31.62331, -97.194127, 0, 1, 3880.  0
61.184, -11.22184, -12.24303, 0, 1, 479.999
22.221, 11.157, 12.384, 1, 1, 479.999
20.811, 29.188, 85. 50, 1, 1, 3400.  0
5.983, 44. 16, 194.672, 1, 1, 4000.  0
6.124, 43.875, 189.664, 1, 1, 4000.  0
13.256, 36.743, 133.276, 1, 1, 4000.  0
46.901, 3. 98, 1.929, 1, 1, 39.999
48.815, 1.184, 1.118, 1, 1, 39.999
64.428, -14.28428, -19.38344, 0, 1, 759.999
82.500, -29.58860, -86.172039, 0, 1, 3440.  0
82.500, -32.64500, -103.206767, 0, 1, 4000.  0
74.844, -32.64500, -104.208000, 0, 1, 4000.  0
73.152, -23.46152, -53.106249, 0, 1, 2119.999
52.199, -2.4199, 0.439, 0, 1, 0.  0
32.979, 17. 20, 29.104, 1, 1, 1159.999
18. 31, 31.968, 99.593, 1, 1, 3960.  0
9.267, 40.732, 163.827, 1, 1, 4000.  0
8. 78, 41.921, 172.877, 1, 1, 4000.  0
33.846, 31.666, 99.166, 1, 1, 3960.  0
35.780, 14.219, 20.907, 1, 1, 800.  0
68.901, -2.4300, 0.516, 1, 1, 0.  0
82. 97, -20.40593, -40.80415, 0, 1, 1600.  0
82.500, -32.64419, -103.206295, 0, 1, 4000.  0
82.500, -32.64500, -103.206878, 0, 1, 4000.  0
66.120, -32.64500, -104.208000, 0, 1, 4000.  0
64.247, -14.28247, -19.38946, 0, 1, 759.999
44. 20, 5.979, 3. 49, 1, 1, 119.999
25.767, 24.232, 58.702, 1, 1, 2319.999
7. 31, 36.199, 131.318, 1, 1, 4000.  0
6.809, 43.190, 186.719, 1, 1, 4000.  0
22.765, 39.443, 154.828, 1, 1, 4000.  0
41.380, 8.619, 7.895, 1, 1, 280.  0
43.294, 6.705, 5. 23, 1, 1, 200.  0
58. 82, -8.16082, -5.10546, 0, 1, 200.  0
82.500, -24.48078, -57.114110, 0, 1, 2279.999
82.479, -32.64479, -103.206581, 0, 1, 4000.  0
82.500, -32.64500, -103.206971, 0, 1, 4000.  0
80.  1, -30.60001, -90.180005, 0, 1, 3599.999
57.659, -7.14659, -5.10361, 0, 1, 200.  0
20.670, 12.608, 15.255, 1, 1, 600.  0
19.179, 30.820, 92.895, 1, 1, 3680.  0
4.673, 41.478, 170.908, 1, 1, 4000.  0
4.633, 45.366, 205.148, 1, 1, 4000.  0
12.108, 37.891, 141.200, 1, 1, 4000.  0
46.558, 21. 89, 45.288, 1, 1, 1799.999
48.512, 1.487, 1.148, 1, 1, 39.999
65.999, -15.30999, -23.46159, 0, 1, 920.  0
82.500, -31.62029, -95.190661, 0, 1, 3799.999
82.500, -32.64500, -103.206795, 0, 1, 4000.  0
73.575, -32.64500, -104.208000, 0, 1, 4000.  0
71.822, -21.42822, -45.90826, 0, 1, 1799.999
50.245, 0.245, 0.  0, 1, 1, 0.  0
30.562, 19.437, 37.126, 1, 1, 1480.  0
17.608, 32.391, 104.172, 1, 1, 4000.  0
8.904, 41. 95, 169.419, 1, 1, 4000.  0
17.  3, 43. 29, 186. 26, 1, 1, 4000.  0
18.615, 31.384, 98.292, 1, 1, 3920.  0
34.913, 15. 86, 23.629, 1, 1, 920.  0
53.630, -3.6630, 0.125, 0, 1, 0.  0
70.432, -20.40432, -40.80105, 0, 1, 1600.  0
82.459, -32.64459, -103.206436, 0, 1, 4000.  0
82.500, -32.64500, -104.208000, 0, 1, 4000.  0
82.500, -32.64500, -104.208000, 0, 1, 4000.  0
64.710, -14.28710, -20.40594, 0, 1, 800.  0
25.304, 7.793, 5.533, 1, 1, 200.  0
13.619, 36.380, 131.676, 1, 1, 4000.  0
5.540, 38.657, 147.898, 1, 1, 4000.  0
5.419, 44.580, 197.154, 1, 1, 4000.  0
22.805, 27.194, 74.424, 1, 1, 2960.  0
41.824, 25.421, 64.553, 1, 1, 2559.999
43.637, 6.362, 4.817, 1, 1, 159.999
60.701, -10.20701, -9.18808, 0, 1, 360.  0
82.500, -26.52818, -69.138371, 0, 1, 2759.999
82.500, -32.64500, -103.206968, 0, 1, 4000.  0
82.500, -32.64500, -104.208000, 0, 1, 4000.  0
57.518, -28.56470, -79.158717, 0, 1, 3160.  0
55.523, -5.10523, -2.4761, 0, 1, 79.999
35.115, 14.884, 21.136, 1, 1, 839.999
18.272, 31.727, 98.968, 1, 1, 3920.  0
7.272, 42.727, 180.453, 1, 1, 4000.  0
4.512, 45.487, 205.692, 1, 1, 4000.  0
12.813, 37.186, 138.591, 1, 1, 4000.  0
29.937, 20. 62, 41.124, 1, 1, 1639.999
49.923, 0. 76, 1.  0, 1, 1, 39.999
67.672, -17.34672, -29.58396, 0, 1, 1159.999
82.217, -32.64217, -103.206095, 0, 1, 4000.  0
82.500, -32.64500, -104.208000, 0, 1, 4000.  0
82.500, -32.64500, -104.208000, 0, 1, 4000.  0
48.835, 1.164, 0.128, 1, 1, 0.  0
46.921, 3. 78, 0.996, 1, 1, 0.  0
19.139, 17.564, 30.107, 1, 1, 1200.  0
17.608, 32.391, 104.226, 1, 1, 4000.  0
8.260, 41.739, 172.123, 1, 1, 4000.  0
15.371, 43.673, 188.798, 1, 1, 4000.  0
16.902, 33. 97, 110.220, 1, 1, 4000.  0
32.738, 17.261, 30.345, 1, 1, 1200.  0
51.635, -1.2635, 0.820, 1, 1, 0.  0
70.170, -20.40170, -39.78558, 0, 1, 1559.999
81.996, -31.62996, -98.196726, 0, 1, 3920.  0
82.500, -32.64500, -104.208000, 0, 1, 4000.  0
66.463, -32.64500, -104.208000, 0, 1, 4000.  0
64.529, -14.28529, -20.40341, 0, 1, 800.  0
43.778, 6.221, 3.795, 1, 1, 119.999
25.565, 24.434, 58.948, 1, 1, 2319.999
13.498, 36.501, 132. 78, 1, 1, 4000.  0
10.597, 43.210, 186.805, 1, 1, 4000.  0
11.664, 38.335, 146.673, 1, 1, 4000.  0
24.780, 25.219, 64. 49, 1, 1, 2559.999
60.882, 6.141, 4.684, 1, 1, 159.999
62.816, -12.24816, -14.28508, 0, 1, 560.  0
76.798, -26.52798, -69.138072, 0, 1, 2759.999
82.500, -32.64500, -103.206721, 0, 1, 4000.  0
82.500, -32.64500, -104.208000, 0, 1, 4000.  0
55.342, -26.52395, -68.136628, 0, 1, 2720.  0
53.408, -3.6408, -1.2022, 0, 1, 39.999
19.300, 16.254, 26.169, 1, 1, 1039.999
17.205, 32.794, 105.434, 1, 1, 4000.  0
8. 58, 41.941, 172.869, 1, 1, 4000.  0
15.835, 43.170, 186.632, 1, 1, 4000.  0
17.366, 32.633, 105.427, 1, 1, 4000.  0
33.342, 16.657, 27.652, 1, 1, 1080.  0
52.683, -2.4683, 0.436, 1, 1, 0.  0
71.560, -21.42560, -44.88734, 0, 1, 1759.999
81.633, -31.62633, -98.196064, 0, 1, 3920.  0
82.500, -32.64500, -104.208000, 0, 1, 4000.  0
66.866, -32.64500, -104.208000, 0, 1, 4000.  0
64.891, -14.28891, -20.40848, 0, 1, 800.  0
44. 40, 5.959, 3. 39, 1, 1, 119.999
25.565, 24.434, 59.190, 1, 1, 2359.999
6.507, 36.542, 132.551, 1, 1, 4000.  0
6.164, 43.835, 189.491, 1, 1, 4000.  0
22.161, 39.946, 156.792, 1, 1, 4000.  0
41.119, 8.880, 8.104, 1, 1, 319.999
43. 32, 6.967, 5.180, 1, 1, 200.  0
58.243, -8.16243, -5.10677, 0, 1, 200.  0
82.500, -24.48683, -58.116568, 0, 1, 2319.999
81.855, -31.62855, -98.196399, 0, 1, 3920.  0
82.500, -32.64500, -103.206972, 0, 1, 4000.  0
82. 36, -32.64036, -102.204517, 0, 1, 4000.  0
59.170, -9.18170, -8.16253, 0, 1, 319.999
21.597, 11.419, 12.675, 1, 1, 479.999
20. 65, 29.934, 87.222, 1, 1, 3480.  0
4.532, 40.994, 164.801, 1, 1, 4000.  0
4.633, 45.366, 205.148, 1, 1, 4000.  0
11.523, 38.476, 147.209, 1, 1, 4000.  0
45.571, 22.479, 50.455, 1, 1, 2000.  0
47.505, 2.494, 1.498, 1, 1, 39.999
65.294, -15.30294, -22.44095, 0, 1, 879.999
82.500, -31.62130, -95.190967, 0, 1, 3799.999
82.500, -32.64500, -103.206789, 0, 1, 4000.  0
75.912, -32.64500, -104.208000, 0, 1, 4000.  0
74. 78, -24.48078, -57.114789, 0, 1, 2279.999
52.260, -2.4260, 0.452, 0, 1, 0.  0
32.113, 17.886, 30.764, 1, 1, 1200.  0
18.393, 31.606, 98.653, 1, 1, 3920.  0
7.957, 42. 42, 177.576, 1, 1, 4000.  0
5.661, 44.338, 196. 90, 1, 1, 4000.  0
32. 32, 34.305, 117.639, 1, 1, 4000.  0
34. 87, 15.912, 24.868, 1, 1, 959.999
51.595, -1.2595, 0.824, 1, 1, 0.  0
70.835, -20.40835, -41.82102, 0, 1, 1639.999
82.500, -32.64500, -104.208000, 0, 1, 4000.  0
82.500, -32.64500, -104.208000, 0, 1, 4000.  0
82.500, -32.64500, -104.208000, 0, 1, 4000.  0
44.463, -15.30597, -23.46395, 0, 1, 920.  0
42.791, 7.208, 5.118, 1, 1, 200.  0
25.545, 24.454, 59.  6, 1, 1, 2359.999
5.761, 37.428, 139.176, 1, 1, 4000.  0
5.499, 44.500, 196.800, 1, 1, 4000.  0
9.287, 40.712, 163.849, 1, 1, 4000.  0
23.369, 26.630, 70.238, 1, 1, 2799.999
40.695, 9.304, 9.373, 1, 1, 360.  0
59.573, -9.18573, -7.14711, 0, 1, 280.  0
82.500, -25.50791, -64.128089, 0, 1, 2559.999
82.500, -32.64500, -103.206936, 0, 1, 4000.  0
82.500, -32.64500, -104.208000, 0, 1, 4000.  0
59. 89, -29.58800, -86.172421, 0, 1, 3440.  0
57. 95, -7.14095, -4.8966, 0, 1, 159.999
36.384, 13.615, 17.836, 1, 1, 680.  0
7.212, 30.760, 93. 31, 1, 1, 3720.  0
8.582, 41.417, 170.812, 1, 1, 4000.  0
3.565, 46.434, 214.596, 1, 1, 4000.  0
10.758, 39.241, 154. 42, 1, 1, 4000.  0
27.399, 22.600, 50.721, 1, 1, 2000.  0
47.706, 2.293, 1.458, 1, 1, 39.999
65.677, -15.30677, -22.44830, 0, 1, 879.999
81.452, -31.62452, -97.194130, 0, 1, 3880.  0
82.500, -32.64500, -104.208000, 0, 1, 4000.  0
75.468, -32.64500, -104.208000, 0, 1, 4000.  0
73.635, -23.46635, -54.108361, 0, 1, 2160.  0
51.252, -1.2252, 0.125, 0, 1, 0.  0
30.743, 19.256, 36.779, 1, 1, 1440.  0
15.976, 34. 23, 116.213, 1, 1, 4000.  0
3.263, 46.736, 215.986, 1, 1, 4000.  0
5.782, 44.217, 195.558, 1, 1, 4000.  0
16.479, 33.520, 111.616, 1, 1, 4000.  0
35.377, 14.622, 21.471, 1, 1, 839.999
54.657, -4.8657, 0.909, 0, 1, 0.  0
71.681, -21.42681, -44.88794, 0, 1, 1759.999
82.500, -32.64500, -103.206588, 0, 1, 4000.  0
82.500, -32.64500, -103.206913, 0, 1, 4000.  0
82.500, -32.64500, -104.208000, 0, 1, 4000.  0
64.730, -14.28730, -20.40623, 0, 1, 800.  0
24.578, 8. 54, 6.524, 1, 1, 239.999
22.826, 27.173, 73.722, 1, 1, 2920.  0
11.886, 38.113, 145.564, 1, 1, 4000.  0
4.835, 45.164, 204.241, 1, 1, 4000.  0
23.369, 39.946, 156.792, 1, 1, 4000.  0
25.163, 24.836, 60.608, 1, 1, 2400.  0
42.730, 7.269, 6. 88, 1, 1, 239.999
61.950, -11.22950, -12.24265, 0, 1, 479.999
82.500, -32.64500, -103.206722, 0, 1, 4000.  0
82.500, -32.64500, -104.208000, 0, 1, 4000.  0
78.551, -32.64500, -104.208000, 0, 1, 4000.  0
76.758, -26.52758, -69.138571, 0, 1, 2759.999
34.712, -5.10221, -2.4610, 0, 1, 79.999
32.919, 17. 80, 29.207, 1, 1, 1159.999
17.930, 32. 69, 103.114, 1, 1, 4000.  0
7.131, 42.868, 180.966, 1, 1, 4000.  0
5.399, 44.600, 197.243, 1, 1, 4000.  0
14.686, 35.313, 124.596, 1, 1, 4000.  0
32.798, 17.201, 30.242, 1, 1, 1200.  0
52.542, -2.4542, 0.466, 1, 1, 0.  0
70.109, -20.40109, -39.78446, 0, 1, 1559.999
82.500, -32.64500, -103.206551, 0, 1, 4000.  0
82.500, -32.64500, -103.206876, 0, 1, 4000.  0
82.500, -32.64500, -104.208000, 0, 1, 4000.  0
67.510, -17.34510, -29.58768, 0, 1, 1159.999
44.261, 5.738, 2.926, 1, 1, 79.999
13.860, 36.139, 130.768, 1, 1, 4000.  0
5.399, 37.549, 139.932, 1, 1, 4000.  0
5.137, 44.862, 198.395, 1, 1, 4000.  0
8.945, 41. 54, 169.325, 1, 1, 4000.  0
39.769, 27.496, 75.240, 1, 1, 3000.  0
41.763, 8.236, 7.589, 1, 1, 280.  0
59. 89, -9.18089, -7.14271, 0, 1, 280.  0
75.791, -25.50791, -63.126826, 0, 1, 2519.999
82.500, -32.64500, -103.206998, 0, 1, 4000.  0
82.500, -32.64500, -104.208000, 0, 1, 4000.  0
60.761, -31.62653, -98.196126, 0, 1, 3920.  0
58.606, -8.16606, -6.12884, 0, 1, 239.999
37.774, 12.225, 14.792, 1, 1, 560.  0
9.489, 29.631, 86.350, 1, 1, 3440.  0
7.494, 42.505, 179.366, 1, 1, 4000.  0
3.666, 46.333, 214.133, 1, 1, 4000.  0
10. 93, 39.906, 156.635, 1, 1, 4000.  0
26.291, 23.708, 55.530, 1, 1, 2200.  0
64.710, 3.320, 1.996, 1, 1, 39.999
66.604, -16.32604, -25.50733, 0, 1, 1000.  0
80.827, -30.60827, -91.182957, 0, 1, 3640.  0
82.500, -32.64500, -103.206799, 0, 1, 4000.  0
82.500, -32.64500, -104.208000, 0, 1, 4000.  0
52.139, -2.4139, 0.427, 0, 1, 0.  0
50.225, 0.225, 0.  0, 1, 1, 0.  0
35.639, 14.360, 20.248, 1, 1, 800.  0
20.126, 29.873, 87. 75, 1, 1, 3480.  0
9.650, 40.349, 162.245, 1, 1, 4000.  0
6.628, 43.371, 187.498, 1, 1, 4000.  0
14. 82, 35.917, 126.711, 1, 1, 4000.  0
30.300, 19.699, 38.429, 1, 1, 1519.999
65.456, 1. 43, 1.104, 1, 1, 39.999
67.410, -17.34410, -28.56771, 0, 1, 1120.  0
79.941, -29.58941, -86.172303, 0, 1, 3440.  0
82.500, -32.64500, -103.206798, 0, 1, 4000.  0
82.500, -32.64500, -104.208000, 0, 1, 4000.  0
48.915, -19.38928, -37.74864, 0, 1, 1480.  0
30.360, 2.695, 0.566, 1, 1, 0.  0
28.708, 21.291, 44.951, 1, 1, 1759.999
7.272, 32.714, 105.252, 1, 1, 4000.  0
7.695, 42.304, 178.666, 1, 1, 4000.  0
9.227, 40.772, 164. 91, 1, 1, 4000.  0
37.895, 28.423, 80.584, 1, 1, 3200.  0
39.769, 10.230, 11.230, 1, 1, 439.999
56.289, -6.12289, -2.4836, 0, 1, 79.999
72.547, -22.44547, -48.96893, 0, 1, 1919.999
82.500, -32.64500, -103.206613, 0, 1, 4000.  0
82.500, -32.64500, -103.206938, 0, 1, 4000.  0
81.532, -31.62532, -97.194752, 0, 1, 3880.  0
40.494, -11.22386, -12.24525, 0, 1, 479.999
38.721, 11.278, 12.519, 1, 1, 479.999
21.838, 28.161, 79.245, 1, 1, 3160.  0
8.663, 41.336, 170.289, 1, 1, 4000.  0
4.754, 45.245, 204.604, 1, 1, 4000.  0
26.170, 38.173, 146. 61, 1, 1, 4000.  0
28. 84, 21.915, 47. 23, 1, 1, 1879.999
46. 95, 3.904, 2.171, 1, 1, 79.999
65.818, -15.30818, -22.44886, 0, 1, 879.999
82.500, -31.62512, -97.194163, 0, 1, 3880.  0
82.500, -32.64500, -103.206798, 0, 1, 4000.  0
82.500, -32.64500, -104.208000, 0, 1, 4000.  0
75.388, -25.50388, -63.126470, 0, 1, 2519.999
51.333, -1.2333, 0.133, 0, 1, 0.  0
31.307, 18.692, 33.833, 1, 1, 1320.  0
8.179, 34.205, 116.826, 1, 1, 4000.  0
7.373, 42.626, 179.986, 1, 1, 4000.  0
6. 84, 43.915, 189.837, 1, 1, 4000.  0
17.406, 32.593, 105.298, 1, 1, 4000.  0
33.946, 16. 53, 26.684, 1, 1, 1039.999
53.106, -3.6106, 0. 37, 1, 1, 0.  0
71.842, -21.42842, -45.90337, 0, 1, 1799.999
82.500, -32.64500, -104.208000, 0, 1, 4000.  0
82.500, -32.64500, -104.208000, 0, 1, 4000.  0
82.500, -32.64500, -104.208000, 0, 1, 4000.  0
43.435, -14.28347, -20.40087, 0, 1, 800.  0
41.642, 8.357, 6.769, 1, 1, 239.999
24.598, 25.401, 63.840, 1, 1, 2519.999
5.580, 37.489, 139.421, 1, 1, 4000.  0
5.399, 44.600, 197.243, 1, 1, 4000.  0
9.730, 40.269, 162. 76, 1, 1, 4000.  0
40.393, 9.606, 9.645, 1, 1, 360.  0
42.267, 7.732, 6.412, 1, 1, 239.999
56.430, -6.12430, -2.4922, 0, 1, 79.999
71.882, -21.42882, -45.90455, 0, 1, 1799.999
82.500, -32.64500, -104.208000, 0, 1, 4000.  0
82.500, -32.64500, -104.208000, 0, 1, 4000.  0
80.807, -30.60807, -92.184423, 0, 1, 3680.  0
45.954, -13.26884, -18.36049, 0, 1, 720.  0
44.503, 5.496, 2.803, 1, 1, 79.999
29.917, 20. 82, 40.420, 1, 1, 1600.  0
12.450, 31. 21, 96.734, 1, 1, 3839.999
12.168, 37.831, 140.920, 1, 1, 4000.  0
13.961, 36. 38, 130.738, 1, 1, 4000.  0
22.785, 27.214, 74.478, 1, 1, 2960.  0
47.747, 2.252, 1.450, 1, 1, 39.999
49. 16, 0.983, 1.  0, 1, 1, 39.999
59.593, -9.18593, -7.14729, 0, 1, 280.  0
69.706, -19.38706, -36.72933, 0, 1, 1440.  0
76.939, -26.52939, -70.140042, 0, 1, 2799.999
78.430, -28.56430, -79.158605, 0, 1, 3160.  0
73.494, -23.46494, -54.108037, 0, 1, 2160.  0
62.554, -12.24554, -15.30065, 0, 1, 600.  0
50.406, 0.406, 0.  0, 1, 1, 0.  0
39.749, 10.250, 10.353, 1, 1, 400.  0
26.553, 23.446, 54.440, 1, 1, 2160.  0
26. 49, 23.950, 56. 77, 1, 1, 2240.  0
23.450, 26.549, 70. 28, 1, 1, 2799.999
31. 86, 24.575, 59.980, 1, 1, 2359.999
31.972, 18. 27, 33.449, 1, 1, 1320.  0
47.989, 9.948, 9.953, 1, 1, 360.  0
55.906, 1.124, 1.112, 1, 1, 39.999
56.813, -6.12813, -3.6156, 0, 1, 119.999
63. 38, -13.26038, -16.32148, 0, 1, 639.999
67.893, -17.34893, -29.58796, 0, 1, 1159.999
68.538, -18.36538, -32.64932, 0, 1, 1279.999
64.912, -14.28912, -20.40588, 0, 1, 800.  0
58.  1, -8.16001, -6.12193, 0, 1, 239.999
50.144, 0.144, 0.206, 1, 1, 0.  0
40.716, 9.283, 8.708, 1, 1, 319.999
37.331, 9.686, 9.168, 1, 1, 360.  0
35.639, 12.869, 16. 22, 1, 1, 639.999
35.619, 14.380, 20.855, 1, 1, 800.  0
36.163, 13.836, 18.849, 1, 1, 720.  0
41.844, 11.459, 13.581, 1, 1, 519.999
42.287, 7.712, 6.398, 1, 1, 239.999
46.498, 3.501, 2. 50, 1, 1, 79.999
55.201, -1.2091, 0.879, 1, 1, 0.  0
58.505, -5.10624, -1.2935, 0, 1, 39.999
58.787, -8.16787, -6.12241, 0, 1, 239.999
59.855, -10.20238, -9.18551, 0, 1, 360.  0
59.734, -9.18734, -8.16171, 0, 1, 319.999
57.518, -7.14518, -4.8749, 0, 1, 159.999
50.205, 0.205, 0.470, 1, 1, 0.  0
49.882, 0.117, 0.471, 1, 1, 0.  0
47.706, 2.293, 0.952, 1, 1, 0.  0
45.772, 4.227, 2.227, 1, 1, 79.999
43.697, 6.302, 4.380, 1, 1, 159.999
41.582, 7.652, 6.109, 1, 1, 239.999
41.501, 8.498, 7.636, 1, 1, 280.  0
41.763, 8.236, 7.509, 1, 1, 280.  0
42.771, 7.228, 6. 52, 1, 1, 239.999
44.604, 5.395, 3.697, 1, 1, 119.999
48.714, 1.285, 1.128, 1, 1, 39.999
48.996, 1.  3, 1.100, 1, 1, 39.999
51.131, -1.2131, 0.875, 1, 1, 0.  0
53.569, -3.6569, 0.153, 0, 1, 0.  0
55.483, -5.10483, -1.2879, 0, 1, 39.999
56.410, -6.12470, -3.6084, 0, 1, 119.999
55. 60, -6.12269, -3.6026, 0, 1, 119.999
54.818, -4.8818, -1.2240, 0, 1, 39.999
50. 84, -2.4562, 0.123, 1, 1, 0.  0
49.822, 0.177, 0.637, 1, 1, 0.  0
46.417, 2.152, 1. 89, 1, 1, 39.999
46.195, 3.804, 1.838, 1, 1, 39.999
44.926, 5. 73, 3.284, 1, 1, 119.999
44.241, 5.758, 3.684, 1, 1, 119.999
44.100, 5.899, 3.872, 1, 1, 119.999
45.692, 5.274, 3.613, 1, 1, 119.999
47.122, 4.126, 2.650, 1, 1, 79.999
47.263, 2.736, 1.547, 1, 1, 39.999
48.532, 1.467, 1.146, 1, 1, 39.999
50. 84, 0. 84, 0.999, 1, 1, 0.  0
51.494, -1.2494, 0.834, 1, 1, 0.  0
52.683, -2.4683, 0.393, 1, 1, 0.  0
53.408, -3.6368, 0.113, 0, 1, 0.  0
52.844, -2.4844, 0.266, 1, 1, 0.  0
52.743, -2.4743, 0.258, 1, 1, 0.  0
51.695, -1.2695, 0.620, 1, 1, 0.  0
50.225, 0.225, 0.788, 1, 1, 0.  0
47.868, 1.144, 0.914, 1, 1, 0.  0
47.787, 2.212, 1.264, 1, 1, 39.999
46.216, 3. 58, 1.770, 1, 1, 39.999
46.175, 3.824, 2. 37, 1, 1, 79.999
45.853, 4.146, 2.590, 1, 1, 79.999
46.135, 4.166, 2.640, 1, 1, 79.999
46.236, 3.763, 2.129, 1, 1, 79.999
46.800, 3.199, 1.959, 1, 1, 39.999
48.311, 2.413, 1.482, 1, 1, 39.999
48.432, 1.567, 1.156, 1, 1, 39.999
49.217, 0.782, 1.  0, 1, 1, 39.999
50. 64, 0. 64, 0.999, 1, 1, 0.  0
50.728, 0.728, 0.984, 1, 1, 0.  0
51.152, -1.2111, 0.851, 1, 1, 0.  0
51.152, -1.2152, 0.835, 1, 1, 0.  0
50.910, 0.910, 0.941, 1, 1, 0.  0
49.862, 0.446, 0.932, 1, 1, 0.  0
49.802, 0.197, 0.936, 1, 1, 0.  0
49.238, 0.761, 0.944, 1, 1, 0.  0
48.271, 1.346, 1. 92, 1, 1, 39.999
48.230, 1.769, 1.152, 1, 1, 39.999
47.968, 2. 31, 1.402, 1, 1, 39.999
47.767, 2.232, 1.446, 1, 1, 39.999
47.747, 2.252, 1.450, 1, 1, 39.999
47.767, 2.232, 1.446, 1, 1, 39.999
48.150, 2. 31, 1.406, 1, 1, 39.999
48.170, 1.829, 1.182, 1, 1, 39.999
48.351, 1.648, 1.164, 1, 1, 39.999
48.875, 1.366, 1.136, 1, 1, 39.999
48.895, 1.104, 1.110, 1, 1, 39.999
49.117, 0.882, 1.  0, 1, 1, 39.999
49.298, 0.701, 1.  0, 1, 1, 39.999
49.399, 0.600, 1.  0, 1, 1, 39.999
49.459, 0.540, 1.  0, 1, 1, 39.999
49.358, 0.600, 1.  0, 1, 1, 39.999
49.358, 0.641, 1.  0, 1, 1, 39.999
49.197, 0.741, 1.  0, 1, 1, 39.999
49.157, 0.842, 1.  0, 1, 1, 39.999
49.137, 0.862, 1.  0, 1, 1, 39.999
48.996, 0.983, 1.  0, 1, 1, 39.999
48.976, 1. 23, 1.102, 1, 1, 39.999
48.935, 1. 64, 1.106, 1, 1, 39.999
48.895, 1.104, 1.110, 1, 1, 39.999
48.915, 1. 84, 1.108, 1, 1, 39.999
48.875, 1.124, 1.112, 1, 1, 39.999
48.815, 1.205, 1.120, 1, 1, 39.999
48.754, 1.245, 1.124, 1, 1, 39.999
48.734, 1.265, 1.126, 1, 1, 39.999
48.754, 1.245, 1.124, 1, 1, 39.999
48.835, 1.164, 1.116, 1, 1, 39.999
48.855, 1.144, 1.114, 1, 1, 39.999
48.956, 1. 43, 1.104, 1, 1, 39.999
49. 76, 0.923, 1.  0, 1, 1, 39.999
49.419, 0.721, 1.  0, 1, 1, 39.999
49.540, 0.580, 1.  0, 1, 1, 39.999
49.520, 0.479, 1.  0, 1, 1, 39.999
49.661, 0.379, 1.  0, 1, 1, 39.999
49.641, 0.358, 1.  0, 1, 1, 39.999
49.580, 0.419, 1.  0, 1, 1, 39.999
49.258, 0.540, 1.  0, 1, 1, 39.999
49.217, 0.782, 1.  0, 1, 1, 39.999
49. 36, 0.963, 1.  0, 1, 1, 39.999
48.653, 1.164, 1.116, 1, 1, 39.999
48.673, 1.326, 1.132, 1, 1, 39.999
48.573, 1.426, 1.142, 1, 1, 39.999
48.492, 1.507, 1.150, 1, 1, 39.999
48.492, 1.507, 1.150, 1, 1, 39.999
48.694, 1.426, 1.142, 1, 1, 39.999
48.754, 1.245, 1.124, 1, 1, 39.999
48.875, 1.124, 1.112, 1, 1, 39.999
49.298, 0.882, 1.  0, 1, 1, 39.999
49.358, 0.641, 1.  0, 1, 1, 39.999
49.459, 0.540, 1.  0, 1, 1, 39.999
49.741, 0.318, 1.  0, 1, 1, 39.999
49.822, 0.177, 1.  0, 1, 1, 39.999
49.782, 0.217, 1.  0, 1, 1, 39.999
49.641, 0.278, 1.  0, 1, 1, 39.999
49.540, 0.459, 1.  0, 1, 1, 39.999
49.379, 0.620, 1.  0, 1, 1, 39.999
49.177, 0.822, 1.  0, 1, 1, 39.999
48.935, 1. 64, 1.106, 1, 1, 39.999
48.774, 1.225, 1.122, 1, 1, 39.999
48.553, 1.446, 1.144, 1, 1, 39.999
48.472, 1.527, 1.152, 1, 1, 39.999
48.432, 1.567, 1.156, 1, 1, 39.999
48.633, 1.487, 1.148, 1, 1, 39.999
48.653, 1.346, 1.134, 1, 1, 39.999
48.976, 1.184, 1.118, 1, 1, 39.999
48.996, 1.  3, 1.100, 1, 1, 39.999
49.177, 0.822, 1.  0, 1, 1, 39.999
49.459, 0.661, 1.  0, 1, 1, 39.999
49.479, 0.520, 1.  0, 1, 1, 39.999
49.600, 0.399, 1.  0, 1, 1, 39.999
49.580, 0.419, 1.  0, 1, 1, 39.999
49.600, 0.399, 1.  0, 1, 1, 39.999
49.540, 0.459, 1.  0, 1, 1, 39.999
49.399, 0.600, 1.  0, 1, 1, 39.999
49.298, 0.701, 1.  0, 1, 1, 39.999
49. 97, 0.902, 1.  0, 1, 1, 39.999
48.976, 1. 23, 1.102, 1, 1, 39.999
48.875, 1.124, 1.112, 1, 1, 39.999
48.754, 1.245, 1.124, 1, 1, 39.999
48.734, 1.265, 1.126, 1, 1, 39.999
48.754, 1.245, 1.124, 1, 1, 39.999
48.895, 1.164, 1.116, 1, 1, 39.999
49. 36, 1. 84, 1.108, 1, 1, 39.999
49. 36, 0.963, 1.  0, 1, 1, 39.999
49.298, 0.842, 1.  0, 1, 1, 39.999
49.358, 0.641, 1.  0, 1, 1, 39.999
49.459, 0.540, 1.  0, 1, 1, 39.999
49.580, 0.479, 1.  0, 1, 1, 39.999
49.620, 0.379, 1.  0, 1, 1, 39.999
49.620, 0.379, 1.  0, 1, 1, 39.999
49.499, 0.459, 1.  0, 1, 1, 39.999
49.459, 0.540, 1.  0, 1, 1, 39.999
49.399, 0.600, 1.  0, 1, 1, 39.999
49.278, 0.721, 1.  0, 1, 1, 39.999
49.137, 0.862, 1.  0, 1, 1, 39.999
48.996, 0.882, 1.  0, 1, 1, 39.999
48.956, 1. 43, 1.104, 1, 1, 39.999
48.895, 1.104, 1.110, 1, 1, 39.999
48.956, 1. 43, 1.104, 1, 1, 39.999
48.935, 1. 64, 1.106, 1, 1, 39.999
49. 56, 0.943, 1.  0, 1, 1, 39.999
49.197, 0.943, 1.  0, 1, 1, 39.999
49.197, 0.802, 1.  0, 1, 1, 39.999
49.298, 0.701, 1.  0, 1, 1, 39.999
49.419, 0.560, 1.  0, 1, 1, 39.999
49.479, 0.520, 1.  0, 1, 1, 39.999
49.540, 0.459, 1.  0, 1, 1, 39.999
49.560, 0.439, 1.  0, 1, 1, 39.999
49.520, 0.479, 1.  0, 1, 1, 39.999
49.459, 0.540, 1.  0, 1, 1, 39.999
49.419, 0.580, 1.  0, 1, 1, 39.999
49.318, 0.681, 1.  0, 1, 1, 39.999
49. 97, 0.822, 1.  0, 1, 1, 39.999
49. 76, 0.923, 1.  0, 1, 1, 39.999
49. 16, 0.983, 1.  0, 1, 1, 39.999
48.935, 1. 23, 1.102, 1, 1, 39.999
48.956, 1. 43, 1.104, 1, 1, 39.999
48.976, 1. 23, 1.102, 1, 1, 39.999
49. 76, 0.983, 1.  0, 1, 1, 39.999
49. 76, 0.923, 1.  0, 1, 1, 39.999
49.157, 0.842, 1.  0, 1, 1, 39.999
49.217, 0.782, 1.  0, 1, 1, 39.999
49.278, 0.721, 1.  0, 1, 1, 39.999
49.358, 0.641, 1.  0, 1, 1, 39.999
49.318, 0.681, 1.  0, 1, 1, 39.999
49.399, 0.600, 1.  0, 1, 1, 39.999
49.399, 0.600, 1.  0, 1, 1, 39.999
49.298, 0.701, 1.  0, 1, 1, 39.999
49.238, 0.761, 1.  0, 1, 1, 39.999
49. 56, 0.842, 1.  0, 1, 1, 39.999
49. 76, 0.923, 1.  0, 1, 1, 39.999
48.996, 1.  3, 1.100, 1, 1, 39.999
48.895, 1. 43, 1.104, 1, 1, 39.999
48.895, 1.104, 1.110, 1, 1, 39.999
48.794, 1.205, 1.120, 1, 1, 39.999
48.875, 1.104, 1.110, 1, 1, 39.999
48.855, 1.144, 1.114, 1, 1, 39.999
48.895, 1.104, 1.110, 1, 1, 39.999
48.956, 1.104, 1.110, 1, 1, 39.999
48.915, 1. 84, 1.108, 1, 1, 39.999
48.956, 1. 43, 1.104, 1, 1, 39.999
48.976, 1.  3, 1.100, 1, 1, 39.999
49. 16, 0.983, 1.  0, 1, 1, 39.999
49. 36, 0.963, 1.  0, 1, 1, 39.999
48.976, 1. 23, 1.102, 1, 1, 39.999
48.956, 1. 43, 1.104, 1, 1, 39.999
48.875, 1. 84, 1.108, 1, 1, 39.999
48.875, 1.124, 1.112, 1, 1, 39.999
48.895, 1.104, 1.110, 1, 1, 39.999
48.714, 1.285, 1.128, 1, 1, 39.999
48.734, 1.265, 1.126, 1, 1, 39.999
48.754, 1.245, 1.124, 1, 1, 39.999
48.673, 1.285, 1.128, 1, 1, 39.999
48.653, 1.346, 1.134, 1, 1, 39.999
48.694, 1.305, 1.130, 1, 1, 39.999
48.774, 1.366, 1.136, 1, 1, 39.999
48.734, 1.265, 1.126, 1, 1, 39.999
48.714, 1.285, 1.128, 1, 1, 39.999
48.815, 1.184, 1.118, 1, 1, 39.999
48.835, 1.164, 1.116, 1, 1, 39.999
48.835, 1.124, 1.112, 1, 1, 39.999
48.815, 1.184, 1.118, 1, 1, 39.999
48.895, 1.104, 1.110, 1, 1, 39.999
48.855, 1.124, 1.112, 1, 1, 39.999
48.774, 1.225, 1.122, 1, 1, 39.999
48.855, 1.144, 1.114, 1, 1, 39.999
48.815, 1.205, 1.120, 1, 1, 39.999
48.794, 1.205, 1.120, 1, 1, 39.999
48.714, 1.285, 1.128, 1, 1, 39.999
48.734, 1.265, 1.126, 1, 1, 39.999
48.734, 1.265, 1.126, 1, 1, 39.999
48.653, 1.346, 1.134, 1, 1, 39.999
48.694, 1.305, 1.130, 1, 1, 39.999
48.714, 1.285, 1.128, 1, 1, 39.999
48.734, 1.265, 1.126, 1, 1, 39.999
48.754, 1.245, 1.124, 1, 1, 39.999
48.774, 1.225, 1.122, 1, 1, 39.999
48.875, 1.124, 1.112, 1, 1, 39.999
48.915, 1. 84, 1.108, 1, 1, 39.999
48.915, 1. 84, 1.108, 1, 1, 39.999
48.935, 1. 84, 1.108, 1, 1, 39.999
48.996, 1. 64, 1.106, 1, 1, 39.999
49. 16, 0.983, 1.  0, 1, 1, 39.999
49. 16, 1.  3, 1.100, 1, 1, 39.999
49. 56, 0.943, 1.  0, 1, 1, 39.999
48.996, 1.  3, 1.100, 1, 1, 39.999
49. 56, 0.983, 1.  0, 1, 1, 39.999
49. 16, 0.983, 1.  0, 1, 1, 39.999
49. 76, 0.923, 1.  0, 1, 1, 39.999
49. 16, 0.983, 1.  0, 1, 1, 39.999
49. 16, 0.983, 1.  0, 1, 1, 39.999
49. 97, 0.902, 1.  0, 1, 1, 39.999
49. 56, 0.943, 1.  0, 1, 1, 39.999
49.197, 0.802, 1.  0, 1, 1, 39.999
49.117, 0.842, 1.  0, 1, 1, 39.999
49.258, 0.741, 1.  0, 1, 1, 39.999
49.278, 0.721, 1.  0, 1, 1, 39.999
49.338, 0.701, 1.  0, 1, 1, 39.999
49.298, 0.701, 1.  0, 1, 1, 39.999
49.358, 0.641, 1.  0, 1, 1, 39.999
49.399, 0.641, 1.  0, 1, 1, 39.999
49.399, 0.600, 1.  0, 1, 1, 39.999
49.419, 0.580, 1.  0, 1, 1, 39.999
49.379, 0.620, 1.  0, 1, 1, 39.999
49.399, 0.600, 1.  0, 1, 1, 39.999
49.379, 0.620, 1.  0, 1, 1, 39.999
49.399, 0.600, 1.  0, 1, 1, 39.999
49.379, 0.620, 1.  0, 1, 1, 39.999
49.358, 0.641, 1.  0, 1, 1, 39.999
49.298, 0.701, 1.  0, 1, 1, 39.999
49.318, 0.681, 1.  0, 1, 1, 39.999
49.338, 0.641, 1.  0, 1, 1, 39.999
49.318, 0.681, 1.  0, 1, 1, 39.999
49.399, 0.600, 1.  0, 1, 1, 39.999
49.379, 0.560, 1.  0, 1, 1, 39.999
49.479, 0.520, 1.  0, 1, 1, 39.999
49.499, 0.500, 1.  0, 1, 1, 39.999
49.520, 0.459, 1.  0, 1, 1, 39.999
49.560, 0.439, 1.  0, 1, 1, 39.999
49.499, 0.500, 1.  0, 1, 1, 39.999
49.499, 0.500, 1.  0, 1, 1, 39.999
49.499, 0.500, 1.  0, 1, 1, 39.999
49.520, 0.479, 1.  0, 1, 1, 39.999
49.459, 0.540, 1.  0, 1, 1, 39.999
49.479, 0.520, 1.  0, 1, 1, 39.999
49.419, 0.580, 1.  0, 1, 1, 39.999
49.358, 0.641, 1.  0, 1, 1, 39.999
49.358, 0.641, 1.  0, 1, 1, 39.999
49.379, 0.620, 1.  0, 1, 1, 39.999
49.379, 0.620, 1.  0, 1, 1, 39.999
49.358, 0.641, 1.  0, 1, 1, 39.999
49.419, 0.620, 1.  0, 1, 1, 39.999
49.459, 0.580, 1.  0, 1, 1, 39.999
49.439, 0.560, 1.  0, 1, 1, 39.999
49.479, 0.540, 1.  0, 1, 1, 39.999
49.399, 0.600, 1.  0, 1, 1, 39.999
49.459, 0.540, 1.  0, 1, 1, 39.999
49.379, 0.560, 1.  0, 1, 1, 39.999
49.419, 0.580, 1.  0, 1, 1, 39.999
49.419, 0.580, 1.  0, 1, 1, 39.999
49.258, 0.681, 1.  0, 1, 1, 39.999
49.238, 0.761, 1.  0, 1, 1, 39.999
49.177, 0.822, 1.  0, 1, 1, 39.999
49.157, 0.842, 1.  0, 1, 1, 39.999
49.137, 0.862, 1.  0, 1, 1, 39.999
49. 76, 0.923, 1.  0, 1, 1, 39.999
49. 56, 0.943, 1.  0, 1, 1, 39.999
49. 76, 0.923, 1.  0, 1, 1, 39.999
49. 56, 0.943, 1.  0, 1, 1, 39.999
49. 76, 0.923, 1.  0, 1, 1, 39.999
49.117, 0.882, 1.  0, 1, 1, 39.999
49.137, 0.923, 1.  0, 1, 1, 39.999
49.137, 0.862, 1.  0, 1, 1, 39.999
49.137, 0.862, 1.  0, 1, 1, 39.999
49. 97, 0.923, 1.  0, 1, 1, 39.999
49. 97, 0.902, 1.  0, 1, 1, 39.999
49.137, 0.862, 1.  0, 1, 1, 39.999
49. 36, 0.963, 1.  0, 1, 1, 39.999
48.976, 1. 23, 1.102, 1, 1, 39.999
48.956, 1. 43, 1.104, 1, 1, 39.999
48.935, 1. 64, 1.106, 1, 1, 39.999
48.835, 1.164, 1.116, 1, 1, 39.999
48.835, 1.184, 1.118, 1, 1, 39.999
48.815, 1.184, 1.118, 1, 1, 39.999
48.815, 1.184, 1.118, 1, 1, 39.999
48.754, 1.184, 1.118, 1, 1, 39.999
48.835, 1.164, 1.116, 1, 1, 39.999
48.835, 1.164, 1.116, 1, 1, 39.999
48.895, 1.144, 1.114, 1, 1, 39.999
48.915, 1. 84, 1.108, 1, 1, 39.999
48.915, 1. 84, 1.108, 1, 1, 39.999
48.895, 1. 64, 1.106, 1, 1, 39.999
48.915, 1. 84, 1.108, 1, 1, 39.999
48.895, 1.104, 1.110, 1, 1, 39.999
48.835, 1.104, 1.110, 1, 1, 39.999
48.855, 1.144, 1.114, 1, 1, 39.999
48.835, 1.164, 1.116, 1, 1, 39.999
48.815, 1.184, 1.118, 1, 1, 39.999
48.774, 1.225, 1.122, 1, 1, 39.999
48.754, 1.245, 1.124, 1, 1, 39.999
48.794, 1.205, 1.120, 1, 1, 39.999
48.774, 1.225, 1.122, 1, 1, 39.999
48.774, 1.225, 1.122, 1, 1, 39.999
48.835, 1.245, 1.124, 1, 1, 39.999
48.815, 1.184, 1.118, 1, 1, 39.999
48.815, 1.184, 1.118, 1, 1, 39.999
48.815, 1.184, 1.118, 1, 1, 39.999
48.815, 1.184, 1.118, 1, 1, 39.999
48.855, 1. 84, 1.108, 1, 1, 39.999
48.915, 1. 84, 1.108, 1, 1, 39.999
48.875, 1.124, 1.112, 1, 1, 39.999
48.875, 1.124, 1.112, 1, 1, 39.999
48.956, 1. 43, 1.104, 1, 1, 39.999
48.895, 1.104, 1.110, 1, 1, 39.999
48.855, 1.144, 1.114, 1, 1, 39.999
48.956, 1. 43, 1.104, 1, 1, 39.999
48.895, 1.104, 1.110, 1, 1, 39.999
48.855, 1.144, 1.114, 1, 1, 39.999
48.915, 1. 84, 1.108, 1, 1, 39.999
48.855, 1.144, 1.114, 1, 1, 39.999
48.875, 1.124, 1.112, 1, 1, 39.999
48.915, 1. 84, 1.108, 1, 1, 39.999
49. 16, 1.144, 1.114, 1, 1, 39.999
48.996, 1. 43, 1.104, 1, 1, 39.999
48.996, 1.  3, 1.100, 1, 1, 39.999
49. 16, 1.  3, 1.100, 1, 1, 39.999
49. 16, 0.983, 1.  0, 1, 1, 39.999
49. 36, 0.963, 1.  0, 1, 1, 39.999
49. 56, 0.943, 1.  0, 1, 1, 39.999
48.996, 1.  3, 1.100, 1, 1, 39.999
49. 56, 0.943, 1.  0, 1, 1, 39.999
48.935, 0.983, 1.  0, 1, 1, 39.999
49. 16, 0.983, 1.  0, 1, 1, 39.999
48.935, 1. 64, 1.106, 1, 1, 39.999
48.996, 1.  3, 1.100, 1, 1, 39.999
49. 16, 0.983, 1.  0, 1, 1, 39.999
49. 16, 0.963, 1.  0, 1, 1, 39.999
48.996, 1.  3, 1.100, 1, 1, 39.999
48.996, 1.  3, 1.100, 1, 1, 39.999
49. 16, 0.983, 1.  0, 1, 1, 39.999
49. 36, 0.963, 1.  0, 1, 1, 39.999
49. 97, 0.902, 1.  0, 1, 1, 39.999
49. 56, 0.923, 1.  0, 1, 1, 39.999
49. 76, 0.923, 1.  0, 1, 1, 39.999
49. 97, 0.902, 1.  0, 1, 1, 39.999
49.117, 0.943, 1.  0, 1, 1, 39.999
49.137, 0.862, 1.  0, 1, 1, 39.999
49. 36, 0.963, 1.  0, 1, 1, 39.999
49. 76, 0.923, 1.  0, 1, 1, 39.999
49.137, 0.862, 1.  0, 1, 1, 39.999
49. 97, 0.902, 1.  0, 1, 1, 39.999
49. 97, 0.902, 1.  0, 1, 1, 39.999
49. 97, 0.902, 1.  0, 1, 1, 39.999
49. 76, 0.923, 1.  0, 1, 1, 39.999
49. 56, 0.943, 1.  0, 1, 1, 39.999
49.117, 0.882, 1.  0, 1, 1, 39.999
49. 56, 0.882, 1.  0, 1, 1, 39.999
49. 76, 0.923, 1.  0, 1, 1, 39.999
49. 56, 0.943, 1.  0, 1, 1, 39.999
49.157, 0.882, 1.  0, 1, 1, 39.999
49. 56, 0.943, 1.  0, 1, 1, 39.999
49.177, 0.822, 1.  0, 1, 1, 39.999
49.137, 0.862, 1.  0, 1, 1, 39.999
49.137, 0.862, 1.  0, 1, 1, 39.999
49.157, 0.842, 1.  0, 1, 1, 39.999
49.177, 0.822, 1.  0, 1, 1, 39.999
49.137, 0.862, 1.  0, 1, 1, 39.999
49.177, 0.822, 1.  0, 1, 1, 39.999
49.157, 0.842, 1.  0, 1, 1, 39.999
49. 97, 0.902, 1.  0, 1, 1, 39.999
49.137, 0.862, 1.  0, 1, 1, 39.999
49.177, 0.822, 1.  0, 1, 1, 39.999
49.137, 0.862, 1.  0, 1, 1, 39.999
49.137, 0.842, 1.  0, 1, 1, 39.999
49.137, 0.862, 1.  0, 1, 1, 39.999
49.157, 0.842, 1.  0, 1, 1, 39.999
49.177, 0.822, 1.  0, 1, 1, 39.999
49.157, 0.842, 1.  0, 1, 1, 39.999
49.177, 0.822, 1.  0, 1, 1, 39.999
49.217, 0.802, 1.  0, 1, 1, 39.999
49.177, 0.822, 1.  0, 1, 1, 39.999
49.258, 0.741, 1.  0, 1, 1, 39.999
49.278, 0.802, 1.  0, 1, 1, 39.999
49.278, 0.721, 1.  0, 1, 1, 39.999
49.278, 0.721, 1.  0, 1, 1, 39.999
49.278, 0.721, 1.  0, 1, 1, 39.999
49.258, 0.741, 1.  0, 1, 1, 39.999
49.278, 0.761, 1.  0, 1, 1, 39.999
49.258, 0.741, 1.  0, 1, 1, 39.999
49.238, 0.761, 1.  0, 1, 1, 39.999
49.258, 0.741, 1.  0, 1, 1, 39.999
49.258, 0.741, 1.  0, 1, 1, 39.999
49.298, 0.701, 1.  0, 1, 1, 39.999
49.258, 0.721, 1.  0, 1, 1, 39.999
49.278, 0.721, 1.  0, 1, 1, 39.999
49.217, 0.782, 1.  0, 1, 1, 39.999
49.318, 0.661, 1.  0, 1, 1, 39.999
49.318, 0.681, 1.  0, 1, 1, 39.999
49.318, 0.681, 1.  0, 1, 1, 39.999
49.318, 0.681, 1.  0, 1, 1, 39.999
49.379, 0.620, 1.  0, 1, 1, 39.999
49.358, 0.641, 1.  0, 1, 1, 39.999
49.358, 0.641, 1.  0, 1, 1, 39.999
49.318, 0.681, 1.  0, 1, 1, 39.999
49.338, 0.681, 1.  0, 1, 1, 39.999
49.318, 0.681, 1.  0, 1, 1, 39.999
49.278, 0.721, 1.  0, 1, 1, 39.999
49.298, 0.641, 1.  0, 1, 1, 39.999
49.318, 0.681, 1.  0, 1, 1, 39.999
49.258, 0.741, 1.  0, 1, 1, 39.999
49.318, 0.741, 1.  0, 1, 1, 39.999
49.318, 0.681, 1.  0, 1, 1, 39.999
49.258, 0.741, 1.  0, 1, 1, 39.999
49.258, 0.761, 1.  0, 1, 1, 39.999
49.217, 0.782, 1.  0, 1, 1, 39.999
49.238, 0.761, 1.  0, 1, 1, 39.999
49.238, 0.761, 1.  0, 1, 1, 39.999
49.238, 0.761, 1.  0, 1, 1, 39.999
49.298, 0.701, 1.  0, 1, 1, 39.999
49.258, 0.741, 1.  0, 1, 1, 39.999
49.157, 0.842, 1.  0, 1, 1, 39.999
49.197, 0.822, 1.  0, 1, 1, 39.999
49.238, 0.761, 1.  0, 1, 1, 39.999
49.177, 0.822, 1.  0, 1, 1, 39.999
49.117, 0.862, 1.  0, 1, 1, 39.999
49. 76, 0.923, 1.  0, 1, 1, 39.999
49.157, 0.842, 1.  0, 1, 1, 39.999
49. 56, 0.882, 1.  0, 1, 1, 39.999
49. 56, 0.943, 1.  0, 1, 1, 39.999
49. 97, 0.902, 1.  0, 1, 1, 39.999
49. 76, 0.902, 1.  0, 1, 1, 39.999
49. 76, 0.923, 1.  0, 1, 1, 39.999
49. 56, 0.943, 1.  0, 1, 1, 39.999
49. 56, 0.943, 1.  0, 1, 1, 39.999
49. 36, 0.963, 1.  0, 1, 1, 39.999
48.935, 1. 64, 1.106, 1, 1, 39.999
49. 16, 0.983, 1.  0, 1, 1, 39.999
49. 36, 0.963, 1.  0, 1, 1, 39.999
48.976, 0.943, 1.  0, 1, 1, 39.999
48.935, 1. 64, 1.106, 1, 1, 39.999
48.875, 1.124, 1.112, 1, 1, 39.999
48.895, 1.104, 1.110, 1, 1, 39.999
48.895, 1.104, 1.110, 1, 1, 39.999
48.855, 1.144, 1.114, 1, 1, 39.999
48.835, 1.164, 1.116, 1, 1, 39.999
48.875, 1.124, 1.112, 1, 1, 39.999
48.815, 1.184, 1.118, 1, 1, 39.999
48.815, 1.184, 1.118, 1, 1, 39.999
48.835, 1.164, 1.116, 1, 1, 39.999
48.794, 1.205, 1.120, 1, 1, 39.999
48.754, 1.245, 1.124, 1, 1, 39.999
48.794, 1.205, 1.120, 1, 1, 39.999
48.774, 1.225, 1.122, 1, 1, 39.999
48.734, 1.225, 1.122, 1, 1, 39.999
48.754, 1.245, 1.124, 1, 1, 39.999
48.774, 1.184, 1.118, 1, 1, 39.999
48.774, 1.225, 1.122, 1, 1, 39.999
48.774, 1.225, 1.122, 1, 1, 39.999
48.754, 1.225, 1.122, 1, 1, 39.999
48.774, 1.225, 1.122, 1, 1, 39.999
48.774, 1.225, 1.122, 1, 1, 39.999
48.734, 1.265, 1.126, 1, 1, 39.999
48.714, 1.285, 1.128, 1, 1, 39.999
48.754, 1.245, 1.124, 1, 1, 39.999
48.754, 1.265, 1.126, 1, 1, 39.999
48.774, 1.225, 1.122, 1, 1, 39.999
48.714, 1.285, 1.128, 1, 1, 39.999
48.794, 1.205, 1.120, 1, 1, 39.999
48.734, 1.265, 1.126, 1, 1, 39.999
48.794, 1.205, 1.120, 1, 1, 39.999
48.835, 1.164, 1.116, 1, 1, 39.999
48.855, 1.144, 1.114, 1, 1, 39.999
48.895, 1.184, 1.118, 1, 1, 39.999
48.855, 1.164, 1.116, 1, 1, 39.999
48.875, 1.124, 1.112, 1, 1, 39.999
48.835, 1.144, 1.114, 1, 1, 39.999
48.875, 1.124, 1.112, 1, 1, 39.999
48.855, 1.144, 1.114, 1, 1, 39.999
48.895, 1. 84, 1.108, 1, 1, 39.999
48.935, 1. 64, 1.106, 1, 1, 39.999
48.915, 1. 84, 1.108, 1, 1, 39.999
48.956, 1. 64, 1.106, 1, 1, 39.999
48.935, 1. 64, 1.106, 1, 1, 39.999
48.935, 1. 64, 1.106, 1, 1, 39.999
48.976, 1. 23, 1.102, 1, 1, 39.999
48.996, 1.  3, 1.100, 1, 1, 39.999
48.996, 1.  3, 1.100, 1, 1, 39.999
49. 16, 0.983, 1.  0, 1, 1, 39.999
49. 16, 0.983, 1.  0, 1, 1, 39.999
49. 97, 0.943, 1.  0, 1, 1, 39.999
49.117, 0.882, 1.  0, 1, 1, 39.999
49. 76, 0.923, 1.  0, 1, 1, 39.999
49.137, 0.882, 1.  0, 1, 1, 39.999
49.137, 0.862, 1.  0, 1, 1, 39.999
49.157, 0.842, 1.  0, 1, 1, 39.999
49.137, 0.802, 1.  0, 1, 1, 39.999
49.197, 0.802, 1.  0, 1, 1, 39.999
49.177, 0.822, 1.  0, 1, 1, 39.999
49.177, 0.923, 1.  0, 1, 1, 39.999
49.197, 0.802, 1.  0, 1, 1, 39.999
49.258, 0.741, 1.  0, 1, 1, 39.999
49.217, 0.782, 1.  0, 1, 1, 39.999
49.258, 0.741, 1.  0, 1, 1, 39.999
49.278, 0.721, 1.  0, 1, 1, 39.999
49.238, 0.761, 1.  0, 1, 1, 39.999
49.298, 0.701, 1.  0, 1, 1, 39.999
49.298, 0.721, 1.  0, 1, 1, 39.999
49.298, 0.701, 1.  0, 1, 1, 39.999
49.338, 0.661, 1.  0, 1, 1, 39.999
49.379, 0.641, 1.  0, 1, 1, 39.999
49.318, 0.681, 1.  0, 1, 1, 39.999
49.338, 0.661, 1.  0, 1, 1, 39.999
49.338, 0.661, 1.  0, 1, 1, 39.999
49.338, 0.661, 1.  0, 1, 1, 39.999
49.338, 0.661, 1.  0, 1, 1, 39.999
49.298, 0.641, 1.  0, 1, 1, 39.999
49.338, 0.661, 1.  0, 1, 1, 39.999
49.278, 0.721, 1.  0, 1, 1, 39.999
49.358, 0.641, 1.  0, 1, 1, 39.999
49.358, 0.641, 1.  0, 1, 1, 39.999
49.338, 0.661, 1.  0, 1, 1, 39.999
49.358, 0.641, 1.  0, 1, 1, 39.999
49.358, 0.641, 1.  0, 1, 1, 39.999
49.318, 0.701, 1.  0, 1, 1, 39.999
49.318, 0.701, 1.  0, 1, 1, 39.999
49.318, 0.681, 1.  0, 1, 1, 39.999
49.318, 0.701, 1.  0, 1, 1, 39.999
49.298, 0.701, 1.  0, 1, 1, 39.999
49.217, 0.782, 1.  0, 1, 1, 39.999
49.298, 0.701, 1.  0, 1, 1, 39.999
49.298, 0.701, 1.  0, 1, 1, 39.999
49.258, 0.741, 1.  0, 1, 1, 39.999
49.177, 0.822, 1.  0, 1, 1, 39.999
49.258, 0.741, 1.  0, 1, 1, 39.999
49.217, 0.782, 1.  0, 1, 1, 39.999
49.197, 0.802, 1.  0, 1, 1, 39.999
49.197, 0.802, 1.  0, 1, 1, 39.999
49.177, 0.822, 1.  0, 1, 1, 39.999
49.258, 0.741, 1.  0, 1, 1, 39.999
49.157, 0.842, 1.  0, 1, 1, 39.999
49.197, 0.802, 1.  0, 1, 1, 39.999
49. 76, 0.923, 1.  0, 1, 1, 39.999
49.157, 0.842, 1.  0, 1, 1, 39.999
49.157, 0.842, 1.  0, 1, 1, 39.999
49.157, 0.822, 1.  0, 1, 1, 39.999
49.117, 0.882, 1.  0, 1, 1, 39.999
49.137, 0.862, 1.  0, 1, 1, 39.999
49. 97, 0.902, 1.  0, 1, 1, 39.999
49. 76, 0.923, 1.  0, 1, 1, 39.999
49. 36, 0.882, 1.  0, 1, 1, 39.999
49. 76, 0.923, 1.  0, 1, 1, 39.999
49. 97, 0.902, 1.  0, 1, 1, 39.999
49. 76, 0.923, 1.  0, 1, 1, 39.999
49. 36, 0.963, 1.  0, 1, 1, 39.999
49. 36, 0.963, 1.  0, 1, 1, 39.999
49. 76, 0.923, 1.  0, 1, 1, 39.999
49. 56, 0.943, 1.  0, 1, 1, 39.999
49. 36, 1. 43, 1.104, 1, 1, 39.999
49. 16, 0.983, 1.  0, 1, 1, 39.999
49. 36, 0.963, 1.  0, 1, 1, 39.999
48.996, 0.983, 1.  0, 1, 1, 39.999
48.976, 1. 23, 1.102, 1, 1, 39.999
48.996, 1.  3, 1.100, 1, 1, 39.999
48.935, 0.983, 1.  0, 1, 1, 39.999
48.976, 1. 23, 1.102, 1, 1, 39.999
48.976, 1. 23, 1.102, 1, 1, 39.999
49. 16, 1. 64, 1.106, 1, 1, 39.999
49. 16, 0.983, 1.  0, 1, 1, 39.999
48.976, 1. 23, 1.102, 1, 1, 39.999
48.996, 1.  3, 1.100, 1, 1, 39.999
48.996, 1.  3, 1.100, 1, 1, 39.999
48.976, 1. 23, 1.102, 1, 1, 39.999
48.976, 1. 23, 1.102, 1, 1, 39.999
49. 16, 0.983, 1.  0, 1, 1, 39.999
48.956, 1. 23, 1.102, 1, 1, 39.999
49. 16, 1. 23, 1.102, 1, 1, 39.999
49. 16, 0.983, 1.  0, 1, 1, 39.999
48.996, 0.963, 1.  0, 1, 1, 39.999
49. 16, 0.983, 1.  0, 1, 1, 39.999
48.956, 1. 43, 1.104, 1, 1, 39.999
49. 36, 0.983, 1.  0, 1, 1, 39.999
49. 16, 0.983, 1.  0, 1, 1, 39.999
48.996, 1.  3, 1.100, 1, 1, 39.999
49. 16, 0.983, 1.  0, 1, 1, 39.999
49. 16, 0.983, 1.  0, 1, 1, 39.999
49. 36, 0.963, 1.  0, 1, 1, 39.999
49. 36, 0.963, 1.  0, 1, 1, 39.999
48.996, 1.  3, 1.100, 1, 1, 39.999
49. 16, 0.983, 1.  0, 1, 1, 39.999
48.996, 1.  3, 1.100, 1, 1, 39.999
49. 16, 0.983, 1.  0, 1, 1, 39.999
48.976, 1. 23, 1.102, 1, 1, 39.999
49. 76, 0.923, 1.  0, 1, 1, 39.999
49. 36, 0.963, 1.  0, 1, 1, 39.999
49. 36, 0.983, 1.  0, 1, 1, 39.999
49. 56, 0.923, 1.  0, 1, 1, 39.999
49. 97, 0.902, 1.  0, 1, 1, 39.999
49. 36, 0.882, 1.  0, 1, 1, 39.999
49. 36, 0.963, 1.  0, 1, 1, 39.999
49. 76, 0.923, 1.  0, 1, 1, 39.999
49. 76, 0.902, 1.  0, 1, 1, 39.999
49. 97, 0.902, 1.  0, 1, 1, 39.999
49. 56, 0.943, 1.  0, 1, 1, 39.999
49. 97, 0.923, 1.  0, 1, 1, 39.999
49. 76, 0.923, 1.  0, 1, 1, 39.999
49. 56, 0.943, 1.  0, 1, 1, 39.999
49. 56, 0.943, 1.  0, 1, 1, 39.999
49. 56, 0.943, 1.  0, 1, 1, 39.999
49. 56, 0.963, 1.  0, 1, 1, 39.999
49. 56, 0.943, 1.  0, 1, 1, 39.999
49. 76, 0.923, 1.  0, 1, 1, 39.999
49. 76, 0.923, 1.  0, 1, 1, 39.999
49. 97, 0.902, 1.  0, 1, 1, 39.999
49. 97, 0.902, 1.  0, 1, 1, 39.999
49. 76, 0.923, 1.  0, 1, 1, 39.999
49. 97, 0.902, 1.  0, 1, 1, 39.999
49. 56, 0.943, 1.  0, 1, 1, 39.999
49. 76, 0.943, 1.  0, 1, 1, 39.999
49. 97, 0.902, 1.  0, 1, 1, 39.999
49. 76, 0.923, 1.  0, 1, 1, 39.999
49. 76, 0.923, 1.  0, 1, 1, 39.999
49. 36, 0.963, 1.  0, 1, 1, 39.999
49. 36, 0.963, 1.  0, 1, 1, 39.999
49. 56, 0.943, 1.  0, 1, 1, 39.999
49. 36, 0.963, 1.  0, 1, 1, 39.999
49. 56, 0.943, 1.  0, 1, 1, 39.999
49. 76, 0.923, 1.  0, 1, 1, 39.999
48.996, 1.  3, 1.100, 1, 1, 39.999
49. 36, 0.983, 1.  0, 1, 1, 39.999
49. 76, 0.923, 1.  0, 1, 1, 39.999
49. 76, 0.923, 1.  0, 1, 1, 39.999
49. 36, 0.963, 1.  0, 1, 1, 39.999
48.996, 1.  3, 1.100, 1, 1, 39.999
49. 56, 0.943, 1.  0, 1, 1, 39.999
49. 16, 0.963, 1.  0, 1, 1, 39.999
49. 36, 0.963, 1.  0, 1, 1, 39.999
49. 56, 0.943, 1.  0, 1, 1, 39.999
49. 56, 0.943, 1.  0, 1, 1, 39.999
49. 16, 0.983, 1.  0, 1, 1, 39.999
49. 76, 0.923, 1.  0, 1, 1, 39.999
49. 56, 0.943, 1.  0, 1, 1, 39.999
49. 76, 0.923, 1.  0, 1, 1, 39.999
49. 56, 0.943, 1.  0, 1, 1, 39.999
48.996, 1.  3, 1.100, 1, 1, 39.999
49. 36, 0.963, 1.  0, 1, 1, 39.999
49. 36, 0.963, 1.  0, 1, 1, 39.999
49. 76, 0.943, 1.  0, 1, 1, 39.999
49. 36, 0.963, 1.  0, 1, 1, 39.999
48.996, 0.923, 1.  0, 1, 1, 39.999
49. 56, 0.943, 1.  0, 1, 1, 39.999
49. 36, 0.963, 1.  0, 1, 1, 39.999
49. 76, 0.902, 1.  0, 1, 1, 39.999
49. 76, 0.923, 1.  0, 1, 1, 39.999
49. 76, 0.923, 1.  0, 1, 1, 39.999
49.117, 0.882, 1.  0, 1, 1, 39.999
49. 97, 0.902, 1.  0, 1, 1, 39.999
49. 76, 0.923, 1.  0, 1, 1, 39.999
49. 56, 0.943, 1.  0, 1, 1, 39.999
49. 76, 0.923, 1.  0, 1, 1, 39.999
49.137, 0.862, 1.  0, 1, 1, 39.999
49. 97, 0.902, 1.  0, 1, 1, 39.999
49. 97, 0.902, 1.  0, 1, 1, 39.999
49.157, 0.842, 1.  0, 1, 1, 39.999
49. 97, 0.902, 1.  0, 1, 1, 39.999
49.137, 0.862, 1.  0, 1, 1, 39.999
49.157, 0.882, 1.  0, 1, 1, 39.999
49.177, 0.822, 1.  0, 1, 1, 39.999
49.117, 0.882, 1.  0, 1, 1, 39.999
49.177, 0.862, 1.  0, 1, 1, 39.999
49.177, 0.822, 1.  0, 1, 1, 39.999
49.157, 0.842, 1.  0, 1, 1, 39.999
49.177, 0.822, 1.  0, 1, 1, 39.999
49.177, 0.822, 1.  0, 1, 1, 39.999
49.177, 0.822, 1.  0, 1, 1, 39.999
49.157, 0.822, 1.  0, 1, 1, 39.999
49.157, 0.842, 1.  0, 1, 1, 39.999
49.217, 0.782, 1.  0, 1, 1, 39.999
49.177, 0.822, 1.  0, 1, 1, 39.999
49.197, 0.802, 1.  0, 1, 1, 39.999
49.197, 0.802, 1.  0, 1, 1, 39.999
49.197, 0.802, 1.  0, 1, 1, 39.999
49.238, 0.761, 1.  0, 1, 1, 39.999
49.157, 0.761, 1.  0, 1, 1, 39.999
49.278, 0.721, 1.  0, 1, 1, 39.999
49.217, 0.782, 1.  0, 1, 1, 39.999
49.157, 0.782, 1.  0, 1, 1, 39.999
49.217, 0.782, 1.  0, 1, 1, 39.999
49.197, 0.802, 1.  0, 1, 1, 39.999
49.238, 0.761, 1.  0, 1, 1, 39.999
49.238, 0.761, 1.  0, 1, 1, 39.999
49.177, 0.822, 1.  0, 1, 1, 39.999
49.177, 0.822, 1.  0, 1, 1, 39.999
49.197, 0.802, 1.  0, 1, 1, 39.999
49.177, 0.822, 1.  0, 1, 1, 39.999
49.197, 0.802, 1.  0, 1, 1, 39.999
49.177, 0.822, 1.  0, 1, 1, 39.999
49.117, 0.802, 1.  0, 1, 1, 39.999
49.157, 0.842, 1.  0, 1, 1, 39.999
49.137, 0.862, 1.  0, 1, 1, 39.999
49.217, 0.882, 1.  0, 1, 1, 39.999
49.157, 0.842, 1.  0, 1, 1, 39.999
49. 56, 0.943, 1.  0, 1, 1, 39.999
49. 97, 0.842, 1.  0, 1, 1, 39.999
49.117, 0.882, 1.  0, 1, 1, 39.999
49.137, 0.862, 1.  0, 1, 1, 39.999
49. 76, 0.923, 1.  0, 1, 1, 39.999
49. 97, 0.902, 1.  0, 1, 1, 39.999
49. 76, 0.923, 1.  0, 1, 1, 39.999
49. 76, 0.923, 1.  0, 1, 1, 39.999
49. 56, 0.943, 1.  0, 1, 1, 39.999
49. 76, 0.902, 1.  0, 1, 1, 39.999
49. 97, 0.902, 1.  0, 1, 1, 39.999
49. 56, 0.943, 1.  0, 1, 1, 39.999
49. 36, 0.963, 1.  0, 1, 1, 39.999
49. 56, 0.943, 1.  0, 1, 1, 39.999
49. 16, 0.983, 1.  0, 1, 1, 39.999
49. 36, 1.  3, 1.100, 1, 1, 39.999
49. 36, 0.963, 1.  0, 1, 1, 39.999
49. 16, 0.983, 1.  0, 1, 1, 39.999
49. 16, 0.963, 1.  0, 1, 1, 39.999
48.976, 1. 23, 1.102, 1, 1, 39.999
48.996, 1.  3, 1.100, 1, 1, 39.999
49. 16, 0.983, 1.  0, 1, 1, 39.999
48.976, 1. 23, 1.102, 1, 1, 39.999
48.956, 1. 43, 1.104, 1, 1, 39.999
48.996, 1.  3, 1.100, 1, 1, 39.999
48.956, 1. 43, 1.104, 1, 1, 39.999
48.976, 1. 64, 1.106, 1, 1, 39.999
48.976, 1. 23, 1.102, 1, 1, 39.999
48.935, 1. 64, 1.106, 1, 1, 39.999
48.935, 1. 23, 1.102, 1, 1, 39.999
48.935, 1. 64, 1.106, 1, 1, 39.999
48.976, 1. 23, 1.102, 1, 1, 39.999
48.895, 1.104, 1.110, 1, 1, 39.999
48.935, 1. 64, 1.106, 1, 1, 39.999
48.915, 1. 84, 1.108, 1, 1, 39.999
48.976, 1. 43, 1.104, 1, 1, 39.999
48.976, 1. 23, 1.102, 1, 1, 39.999
48.915, 1. 84, 1.108, 1, 1, 39.999
48.956, 1. 43, 1.104, 1, 1, 39.999
48.915, 1. 84, 1.108, 1, 1, 39.999
48.976, 1. 23, 1.102, 1, 1, 39.999
48.976, 1. 23, 1.102, 1, 1, 39.999
48.976, 1. 23, 1.102, 1, 1, 39.999
48.976, 0.983, 1.  0, 1, 1, 39.999
48.956, 1.  3, 1.100, 1, 1, 39.999
48.996, 1.  3, 1.100, 1, 1, 39.999
49. 16, 1. 23, 1.102, 1, 1, 39.999
49. 16, 0.983, 1.  0, 1, 1, 39.999
48.956, 1. 43, 1.104, 1, 1, 39.999
49. 16, 0.963, 1.  0, 1, 1, 39.999
49. 56, 0.943, 1.  0, 1, 1, 39.999
49. 36, 0.963, 1.  0, 1, 1, 39.999
49. 36, 0.983, 1.  0, 1, 1, 39.999
49. 36, 0.963, 1.  0, 1, 1, 39.999
48.976, 1. 23, 1.102, 1, 1, 39.999
49. 56, 0.943, 1.  0, 1, 1, 39.999
49. 56, 0.943, 1.  0, 1, 1, 39.999
49. 76, 0.902, 1.  0, 1, 1, 39.999
49. 56, 0.943, 1.  0, 1, 1, 39.999
49. 56, 0.943, 1.  0, 1, 1, 39.999
49.117, 0.882, 1.  0, 1, 1, 39.999
49. 56, 0.943, 1.  0, 1, 1, 39.999
49.137, 0.862, 1.  0, 1, 1, 39.999
49.157, 0.842, 1.  0, 1, 1, 39.999
49. 97, 0.902, 1.  0, 1, 1, 39.999
49. 97, 0.902, 1.  0, 1, 1, 39.999
49.157, 0.842, 1.  0, 1, 1, 39.999
49.137, 0.862, 1.  0, 1, 1, 39.999
49.177, 0.822, 1.  0, 1, 1, 39.999
49.157, 0.842, 1.  0, 1, 1, 39.999
49.177, 0.822, 1.  0, 1, 1, 39.999
49.197, 0.802, 1.  0, 1, 1, 39.999
49.217, 0.782, 1.  0, 1, 1, 39.999
49.197, 0.802, 1.  0, 1, 1, 39.999
49.238, 0.802, 1.  0, 1, 1, 39.999
49.177, 0.822, 1.  0, 1, 1, 39.999
49.278, 0.721, 1.  0, 1, 1, 39.999
49.217, 0.721, 1.  0, 1, 1, 39.999
49.197, 0.802, 1.  0, 1, 1, 39.999
49.238, 0.761, 1.  0, 1, 1, 39.999
49.238, 0.761, 1.  0, 1, 1, 39.999
49.258, 0.741, 1.  0, 1, 1, 39.999
49.177, 0.822, 1.  0, 1, 1, 39.999
49.217, 0.761, 1.  0, 1, 1, 39.999
49.217, 0.782, 1.  0, 1, 1, 39.999
49.238, 0.761, 1.  0, 1, 1, 39.999
49.238, 0.761, 1.  0, 1, 1, 39.999
49.238, 0.761, 1.  0, 1, 1, 39.999
49.238, 0.761, 1.  0, 1, 1, 39.999
49.217, 0.782, 1.  0, 1, 1, 39.999
49.238, 0.761, 1.  0, 1, 1, 39.999
49.197, 0.761, 1.  0, 1, 1, 39.999
49.238, 0.761, 1.  0, 1, 1, 39.999
49.177, 0.822, 1.  0, 1, 1, 39.999
49.197, 0.782, 1.  0, 1, 1, 39.999
49.217, 0.782, 1.  0, 1, 1, 39.999
49.177, 0.822, 1.  0, 1, 1, 39.999
49.238, 0.822, 1.  0, 1, 1, 39.999
49.197, 0.802, 1.  0, 1, 1, 39.999
49.217, 0.782, 1.  0, 1, 1, 39.999
49.157, 0.822, 1.  0, 1, 1, 39.999
49.157, 0.842, 1.  0, 1, 1, 39.999
49.197, 0.802, 1.  0, 1, 1, 39.999
49. 97, 0.802, 1.  0, 1, 1, 39.999
49.117, 0.882, 1.  0, 1, 1, 39.999
49.157, 0.842, 1.  0, 1, 1, 39.999
49.137, 0.862, 1.  0, 1, 1, 39.999
49. 97, 0.902, 1.  0, 1, 1, 39.999
49.137, 0.862, 1.  0, 1, 1, 39.999
49.137, 0.862, 1.  0, 1, 1, 39.999
49.117, 0.882, 1.  0, 1, 1, 39.999
49. 97, 0.902, 1.  0, 1, 1, 39.999
49. 97, 0.902, 1.  0, 1, 1, 39.999
49. 97, 0.902, 1.  0, 1, 1, 39.999
49. 76, 0.902, 1.  0, 1, 1, 39.999
49. 76, 0.923, 1.  0, 1, 1, 39.999
49. 76, 0.923, 1.  0, 1, 1, 39.999
48.996, 0.943, 1.  0, 1, 1, 39.999
49. 36, 0.963, 1.  0, 1, 1, 39.999
49. 56, 0.943, 1.  0, 1, 1, 39.999
49. 16, 0.983, 1.  0, 1, 1, 39.999
48.996, 1.  3, 1.100, 1, 1, 39.999
48.976, 1. 23, 1.102, 1, 1, 39.999
49. 36, 1.  3, 1.100, 1, 1, 39.999
48.976, 1. 23, 1.102, 1, 1, 39.999
49. 16, 1. 84, 1.108, 1, 1, 39.999
48.976, 1. 23, 1.102, 1, 1, 39.999
48.956, 1. 43, 1.104, 1, 1, 39.999
48.956, 1.  3, 1.100, 1, 1, 39.999
48.996, 1.  3, 1.100, 1, 1, 39.999
48.976, 1. 23, 1.102, 1, 1, 39.999
48.996, 1.  3, 1.100, 1, 1, 39.999
48.996, 1.  3, 1.100, 1, 1, 39.999
48.935, 1. 64, 1.106, 1, 1, 39.999
48.976, 1. 23, 1.102, 1, 1, 39.999
48.976, 1. 23, 1.102, 1, 1, 39.999
48.956, 1. 43, 1.104, 1, 1, 39.999
48.935, 1. 64, 1.106, 1, 1, 39.999
48.996, 1.  3, 1.100, 1, 1, 39.999
48.956, 1. 43, 1.104, 1, 1, 39.999
48.996, 1.  3, 1.100, 1, 1, 39.999
48.935, 1. 64, 1.106, 1, 1, 39.999
48.976, 1. 43, 1.104, 1, 1, 39.999
48.935, 1. 64, 1.106, 1, 1, 39.999
48.996, 1.  3, 1.100, 1, 1, 39.999
48.976, 1. 23, 1.102, 1, 1, 39.999
48.996, 1.  3, 1.100, 1, 1, 39.999
48.976, 1. 23, 1.102, 1, 1, 39.999
48.956, 1. 23, 1.102, 1, 1, 39.999
48.976, 1. 23, 1.102, 1, 1, 39.999
48.915, 1. 84, 1.108, 1, 1, 39.999
48.976, 0.963, 1.  0, 1, 1, 39.999
48.996, 1.  3, 1.100, 1, 1, 39.999
49. 36, 0.963, 1.  0, 1, 1, 39.999
4